0.000000000000000
0.418878775714219
0.818313779879286
1.179813927969812
1.486744768542981
1.725137521388457
1.884362049933995
1.957629784007942
1.942301561033288
1.839985601579397
1.656421827765177
1.401159880235822
1.087048894568727
0.729566790048429
0.346024988652952
-0.045309309662711
-0.426127239419272
-0.778981259104010
-1.088130589059100
-1.340286211684408
-1.525218341525104
-1.636196987151504
-1.670245429058117
-1.628196617390601
-1.514553089874625
-1.337161445094237
-1.106722113909768
-0.836163631443583
-0.539917375700574
-0.233133455636620
0.069119133735421
0.352624925887324
0.604726121057892
0.814922126417059
0.975334629550860
1.081016337333453
1.130090595854699
1.123718753440935
1.065901791421207
0.963131884157279
0.823917653906857
0.658213513443763
0.476788283852198
0.290570987545958
0.110012218791865
-0.055502215846407
-0.198152492315791
-0.312073547142070
-0.393611328876431
-0.441434625340453
-0.456499364451110
-0.441871147857493
-0.402420187155954
-0.344410284711150
-0.275009605249374
-0.201755372546937
-0.132007051533577
-0.072422909286723
-0.028493080664412
-0.004158510399649
-0.001539633811090
-0.020791725492573
-0.060095904750622
-0.115786311997363
-0.182605466572737
-0.254071790008564
-0.322936208240053
-0.381699054819908
-0.423154527683951
-0.440927947091265
-0.429971150110594
-0.386983543284325
-0.310730502755597
-0.202236726506396
-0.064839469272050
0.095905094355129
0.272460311037203
0.455681411907776
0.635302626812916
0.800512606443043
0.940585890424682
1.045534149732930
1.106738985551154
1.117528321601406
1.073660895238056
0.973687919471836
0.819167417430179
0.614714677608253
0.367881307672690
0.088864975627381
-0.209938419141803
-0.514519252871710
-0.809946348796267
-1.081131176584321
-1.313623711218939
-1.494397029687823
-1.612577519807074
-1.660079760307697
-1.632109611903662
-1.527505613611171
-1.348897067969036
-1.102666784627990
-0.798716820065650
-0.450046140423459
-0.072159366391489
0.317664929414362
0.701210027755778
1.060218630238384
1.377306073048541
1.636841738358200
1.825752414993293
1.934205045614068
1.956132285600930
1.889572279675094
1.736803616822673
1.504267045904283
1.202276657149978
0.844534263207936
0.447471055519991
0.029449711162914
-0.390132508414518
-0.791793889588558
-1.156923030189559
-1.468689378878038
-1.712863018795534
-1.878501943584465
-1.958472051292334
-1.949773881078752
-1.853660265336821
-1.675540020205653
-1.424673962745139
-1.113680325464872
-0.757876463145678
-0.374492091430148
0.018204278031797
0.401819868838915
0.758745591556229
1.073010700222791
1.331040745142771
1.522281001197826
1.639655100260776
1.679837683661213
1.643330011659438
1.534338064419152
1.360463164097885
1.132224971582235
0.862445336614621
0.565528449251880
0.256677691308366
-0.048907729545157
-0.336812984080050
-0.594123364828960
-0.810038581256438
-0.976354898876335
-1.087792288482288
-1.142152763176324
-1.140305713567906
-1.086005759497794
-0.985557875257138
-0.847352801628916
-0.681302579637701
-0.498211060494157
-0.309117202147452
-0.124649712846562
0.045569869477178
0.193442155390372
0.312794895507009
0.399656947989785
0.452388314198701
0.471662104579363
0.460303191449734
0.422996805628485
0.365887947354093
0.296098770787968
0.221195707236620
0.148640756559205
0.085261954877311
0.036776497748071
0.007396462589842
-0.000458249532793
0.013678077461835
0.048289997030549
0.099990495633643
0.163760177301720
0.233300946436265
0.301481895205121
0.360849232982543
0.404167913309038
0.424960373451569
0.418007644234906
0.379780033090170
0.308768527747134
0.205693790635458
0.073576788633588
-0.082336683610273
-0.254796552067702
-0.434904221370141
-0.612585320863826
-0.777153820521597
-0.917935908362630
-1.024917802610449
-1.089379491269784
-1.104476399956595
-1.065733211806992
-0.971418400183794
-0.822774262541343
-0.624085028662225
-0.382574532792550
-0.108134492519261
0.187105908065943
0.489349224034588
0.783809600300078
1.055468336342916
1.289865297138008
1.473883516218263
1.596483883925410
1.649348748170013
1.627397497416099
1.529143537671310
1.356870189819762
1.116612492149582
0.817942188646779
0.473563759191653
0.098739625812927
-0.289427915944155
-0.672822462100251
-1.033205189609010
-1.353126692373115
-1.616811604204851
-1.810969594484076
-1.925489761994161
-1.953981216971312
-1.894130433857462
-1.747855368946492
-1.521246869628168
-1.224298994013133
-0.870440917768934
-0.475893535391453
-0.058883104624183
0.361248162897920
0.764989202384403
1.133616456619714
1.450110553097659
1.699986427033777
1.871994566987181
1.958657836691429
1.956616968443933
1.866767865095151
1.694184749565751
1.447834377822950
1.140097384872833
0.786122784267116
0.403050161250561
0.009140738681501
-0.377137092513397
-0.738020224055582
-1.057314285410258
-1.321164195812406
-1.518693283867898
-1.642479824874554
-1.688848812749868
-1.657966839688354
-1.553738548813518
-1.383513674402129
-1.157623618796570
-0.888775301137559
-0.591337184132792
-0.280557567413882
0.028241831591423
0.320453440901509
0.582910812612587
0.804517385124027
0.976745497795855
1.093981868895220
1.153704681035627
1.156487030980069
1.105831247796285
1.007847917941274
0.870801859516509
0.704554299760115
0.519935751891107
0.328087285410756
0.139808881980828
-0.035047662566334
-0.188107193203294
-0.312892188452777
-0.405114337828837
-0.462822791854586
-0.486403910671551
-0.478436258663515
-0.443413176652808
-0.387353012786417
-0.317323562585258
-0.240912089197358
-0.165675196001002
-0.098603647776296
-0.045635947898001
-0.011251165013139
0.001833630948708
-0.007157394551655
-0.037013898074440
-0.084631279037735
-0.145233490130485
-0.212712583176054
-0.280063506333501
-0.339886626588728
-0.384926060296635
-0.408609420555431
-0.405554188034779
-0.372007615081928
-0.306190791711675
-0.208523028180982
-0.081709727178121
0.069314974825801
0.237590792803387
0.414470266873093
0.590076862307015
0.753857418230658
0.895198010494726
1.004067870607495
1.071653589958013
1.090945600719023
1.057240901778859
0.968530102749881
0.825742881497340
0.632833568804318
0.396697371446559
0.126917234414536
-0.164649007627194
-0.464422276639697
-0.757769435713974
-1.029749805480714
-1.265901668514131
-1.453026400919636
-1.579927169671365
-1.638060817594125
-1.622065560195718
-1.530133244875430
-1.364202858314536
-1.129961293671343
-0.836647606318474
-0.496667542411856
-0.125035442404503
0.261329865977890
0.644420391551080
1.006024338878921
1.328636088776859
1.596343556040059
1.795646370994132
1.916161523727566
1.951178648079060
1.898034722332455
1.758287227228319
1.537675239195743
1.245868991740621
0.896019519210988
0.504130509825988
0.088283873106651
-0.332241735114915
-0.737914507226652
-1.109906961187137
-1.431018296069376
-1.686514441904563
-1.864842932260782
-1.958186300394409
-1.962826178924604
-1.879300212894634
-1.712344743245993
-1.470627400077279
-1.166284663761641
-0.814289524085231
-0.431683057629580
-0.036710592818511
0.352092217107107
0.716815877441873
1.041048879869054
1.310660492230886
1.514455292463106
1.644667433857462
1.697271469323475
1.672096547631966
1.572741375012962
1.406297932768936
1.182901981023963
0.915137320653451
0.617328154616131
0.304759301380923
-0.007132807173590
-0.303554611940832
-0.571093263188906
-0.798359552272866
-0.976503600664849
-1.099578573061121
-1.164736530459071
-1.172250125415958
-1.125363621692395
-1.029986145203186
-0.894248619074400
-0.727953033632712
-0.541948163846341
-0.347469285402902
-0.155480686757755
0.023941215459946
0.182149492452563
0.312363474129526
0.409977818605791
0.472728970459456
0.500712797976567
0.496256141566100
0.463653667558333
0.408789301930472
0.338668164058513
0.260889952786543
0.183097873268631
0.112438262299044
0.055065022532194
0.015719886071513
-0.002585411684853
0.001234544106699
0.026275970408316
0.069720050200097
0.127039178860283
0.192322086158007
0.258697175406869
0.318827210919549
0.365443887884711
0.391888113258059
0.392621179919531
0.363673476548357
0.303000866373813
0.210724193820368
0.089234235353425
-0.056847595352246
-0.220853811024299
-0.394392872275438
-0.567792373639028
-0.730639472100249
-0.872388317227678
-0.982999616921554
-1.053574830385113
-1.076946996996160
-1.048191940091882
-0.965027455122022
-0.828073905362138
-0.640957095293431
-0.410242965278403
-0.145203070693386
0.142580553651871
0.439753232723565
0.731841832644295
1.003991821454632
1.241748412081189
1.431839745441944
1.562919124508721
1.626224742287053
1.616119107171199
1.530476276585293
1.370892761489681
1.142707152142390
0.854823648033852
0.519345204130125
0.151032356880990
-0.233386602582571
-0.616020116790799
-0.978691943221695
-1.303848803018020
-1.575449995343562
-1.779792311585042
-1.906226527015865
-1.947727056604430
-1.901283764882241
-1.768094030291322
-1.553543500644927
-1.266974988039210
-0.921256049721711
-0.532166390291303
-0.117635730175466
0.303129297470658
0.710584762539687
1.085807550790406
1.411422934954164
1.672454132751819
1.857050455369268
1.957057014093317
1.968397264402538
1.891249479235227
1.730009029381288
1.493039530263686
1.192226891982524
0.842360497104825
0.460374586410880
0.064489988558578
-0.326698783624183
-0.695143579927491
-1.024222382012101
-1.299533961525739
-1.509567541571811
-1.646214601719306
-1.705098675487878
-1.685708897515132
-1.591333619895818
-1.428801056205030
-1.208044050320509
-0.941515160000124
-0.643485808517206
-0.329268895623959
-0.014407684904756
0.286125164427991
0.558675907389191
0.791566507425611
0.975626787703080
1.104576273963632
1.175238822370321
1.187582679412633
1.144588427525079
1.051956779018658
0.917676863822874
0.751483036579465
0.564233907019380
0.367250975352720
0.171655748629352
-0.012256532861747
-0.175571347876749
-0.311207209519460
-0.414242097221377
-0.482098105017558
-0.514577061528199
-0.513748833247759
-0.483702756660497
-0.430180650433752
-0.360116676265587
-0.281114557540299
-0.200896034298300
-0.126755747081556
-0.065056937455837
-0.020799489694271
0.002712903629445
0.004086000297299
-0.016084221752304
-0.055267901174521
-0.109190796828620
-0.172144708691151
-0.237398998870436
-0.297687021300718
-0.345736469370386
-0.374809715847499
-0.379219329674529
-0.354785170630695
-0.299202723263726
-0.212297453561062
-0.096146663385947
0.044941806741400
0.204596073214803
0.374685122109737
0.545746823429336
0.707515994772151
0.849522986483541
0.961728437570008
1.035156981999514
1.062491958059797
1.038594656724796
0.960915279256487
0.829768376068929
0.648452810076526
0.423204831738194
0.162982196579155
-0.120913124366605
-0.415356739419876
-0.706042686307045
-0.978210636470993
-1.217421225641289
-1.410337812598956
-1.545471775883795
-1.613849639059124
-1.609563832256367
-1.530174583328659
-1.376937995782387
-1.154844415243454
-0.872461228230708
-0.541584733589225
-0.176716105429503
0.205613844043167
0.587637930290538
0.951223956634943
1.278779556737373
1.554143586396397
1.763417313304501
1.895691346729560
1.943629326346875
1.903876592086093
1.777271009198524
1.568843352090111
1.287605612585749
0.946136706979733
0.559985715182918
0.146922420642472
-0.273926988557223
-0.683015086657203
-1.061331476993001
-1.391335112613952
-1.657812937953591
-1.848620953950478
-1.955269961270242
-1.973326375575280
-1.902608198095835
-1.747166943868124
-1.515057503926286
-1.217908948039095
-0.870319572014395
-0.489108510118433
-0.092463491691088
0.300970558764544
0.673014660066293
1.006843048393764
1.287789326679474
1.504030957150291
1.647118406781119
1.712323826958627
1.698793973820808
1.609502613566468
1.451008331514223
1.233033895593155
0.967892563615934
0.669794477151861
0.354072146497992
0.036367701783214
-0.268174111710515
-0.545664324806456
-0.784140084903487
-0.974113046590789
-1.108969227054941
-1.185202403718751
-1.202472646245143
-1.163491401901622
-1.073744140494557
-0.941070379720990
-0.775128469539695
-0.586778406161636
-0.387419861491079
-0.188324355941616
0.000000000000000
0.000000000000000
0.000000000000000
0.000000000000000