0.000000000000000
0.469675609297822
0.909214820023493
1.290688718654349
1.590409532131590
1.790630783181102
1.880781423109397
1.858139313194959
1.727894935084837
1.502605579586594
1.201089421779038
0.846853792344657
0.466188914270510
0.086084369999421
-0.267861508207296
-0.573370288284881
-0.813096176669992
-0.975796592271205
-1.056972279930211
-1.058933675623704
-0.990298513057152
-0.864973163452391
-0.700712959956062
-0.517391216207503
-0.335129951324187
-0.172455569652608
-0.044639102927556
0.037636537969442
0.069169042024085
0.050614361377521
-0.011680048262403
-0.106368671031858
-0.218264584152293
-0.329855602488442
-0.423044855959343
-0.480960968188176
-0.489676484854479
-0.439680502110767
-0.326971971594563
-0.153672194801043
0.071904121817169
0.335733634997255
0.619091606433716
0.900003077256019
1.155020612543431
1.361182102668487
1.497985127391272
1.549211061758759
1.504442774008889
1.360143607544021
1.120200419939879
0.795876895124375
0.405171566891391
-0.028375999482397
-0.477341694520122
-0.912408210468929
-1.304535114066907
-1.627135885951418
-1.858088560366618
-1.981419183957040
-1.988523082425639
-1.878825779396410
-1.659830334301222
-1.346547167581788
-0.960352070590998
-0.527363975586978
-0.076472420483916
0.362827660559469
0.762621416086342
1.098606759494528
1.351814658373380
1.509883888175619
1.567794321766594
1.528007693813339
1.400013564284198
1.199326857974228
0.946027848465552
0.662972114115234
0.373823811788032
0.101078494260908
-0.135759372342777
-0.321693898615115
-0.447327327589774
-0.509436203509683
-0.510993138251371
-0.460640780895482
-0.371671378396902
-0.260607317096484
-0.145511723889502
-0.044180756216205
0.027621261865503
0.057726978170939
0.038792248904219
-0.030926088902588
-0.147311462982679
-0.300673292298163
-0.476555308373430
-0.656998997211864
-0.822154733305909
-0.952102260155983
-1.028722937790427
-1.037460292955576
-0.968813416556280
-0.819429031617361
-0.592690861541277
-0.298746547070771
0.046040672299027
0.420179903011879
0.798598792398603
1.154527304987439
1.461568907989999
1.695791788843788
1.837669310892041
1.873709629334498
1.797638407347750
1.611033951988715
1.323357942529097
0.951373651719478
0.517993153133312
0.050641376539997
-0.420735809426241
-0.865863290661381
-1.256355662173515
-1.567788660249938
-1.781460258598211
-1.885703835794229
-1.876652210630902
-1.758395895152006
-1.542527955877440
-1.247117359090598
-0.895198532540102
-0.512903337532510
-0.127389566086262
0.235264808092159
0.552031286863451
0.804607003947120
0.980665804773867
1.074589210574088
1.087626379337298
1.027480232319896
0.907364848895880
0.744623041111178
0.559029055455494
0.370926627178532
0.199365055525295
0.060394581861428
-0.034332694586346
-0.078537520712047
-0.071782355939144
-0.019397133998184
0.068128108695158
0.176227489679376
0.287722782258942
0.384535526981262
0.449495318118005
0.468083083712427
0.429953238180570
0.330097044004065
0.169539832559301
-0.044495639959808
-0.298981820353299
-0.576009347749634
-0.854168937066300
-1.110280621516364
-1.321327934539195
-1.466435553315760
-1.528723351937551
-1.496878254050988
-1.366307091368365
-1.139767103406841
-0.827413016547504
-0.446247329040489
-0.019009555417666
0.427413329653447
0.863933031560464
1.261410315402368
1.592839528907532
1.835393303418274
1.972163839149477
1.993460970998855
1.897562485822664
1.690856034551778
1.387360852501138
1.007667353361789
0.577379399348840
0.125183832491586
-0.319298582765750
-0.727709723558363
-1.075024167461556
-1.341330016486538
-1.513182283474776
-1.584426349097660
-1.556432909659287
-1.437734293324346
-1.243101001825902
-0.992142780136789
-0.707556676980394
-0.413172300121051
-0.131959534533323
0.115834815533414
0.314267711421990
0.452869631449007
0.527311201285651
0.539518100497028
0.497233045493896
0.413070866605031
0.303155749966464
0.185464983357351
0.078028070811506
-0.002858184983268
-0.044240059079099
-0.037799758677360
0.019284402353869
0.123987981746471
0.267633665680787
0.436613683829211
0.613581126558263
0.779008802353445
0.912981696620068
0.997067829848581
1.016104199240494
0.959740254234187
0.823600566486981
0.609959439789835
0.327860593464357
-0.007338616366428
-0.374970568534931
-0.750534048262427
-1.107529381853690
-1.419505956930493
-1.662156764485359
-1.815288931761914
-1.864507698964688
-1.802473283266304
-1.629623800038629
-1.354300123154613
-0.992256760462341
-0.565592531791309
-0.101181966717875
0.371271003197325
0.821404658039848
1.220425566871852
1.543213754045274
1.770141335186911
1.888462243830742
1.893165477364033
1.787227793518119
1.581250397214186
1.292513865205533
0.943532270428595
0.560227351577369
0.169873361290438
-0.201019503103867
-0.528711807430909
-0.793971191126871
-0.983401654423901
-1.090264231596204
-1.114730658446055
-1.063559372303293
-0.949231445099688
-0.788628813253188
-0.601374705299222
-0.407983367890230
-0.227980815782972
-0.078159204625644
0.028885473528236
0.085808206537768
0.091074098673311
0.048976978222924
-0.030880347547692
-0.134595297254203
-0.245372840768662
-0.345205027825718
-0.416673026147291
-0.444711021733838
-0.418174142512919
-0.331068915519391
-0.183333292414707
0.018908415445219
0.263645485658570
0.533817767226274
0.808625449348179
1.065206144835980
1.280541267502574
1.433432591454747
1.506382073843483
1.487214219487807
1.370300012415845
1.157273146340853
0.857170358748595
0.485974726591746
0.065589921348280
-0.377679431985998
-0.815024918236073
-1.217260775137091
-1.557011538207614
-1.810786687478186
-1.960776233298308
-1.996222939376878
-1.914260501122986
-1.720149727577725
-1.426893110774770
-1.054258136485317
-0.627287187851152
-0.174413015621607
0.274669879041009
0.691208547620428
1.049494988843892
1.328704108694842
1.514323266882277
1.599064560966637
1.583193861342038
1.474258635923713
1.286245805067605
1.038247170148159
0.752749540490187
0.453696289866071
0.164484292031617
-0.093936359535209
-0.304702971935255
-0.456287906335493
-0.543254533691554
-0.566465397186599
-0.532733566592061
-0.453955718434476
-0.345809485765230
-0.226134392214303
-0.113142132936399
-0.023615880433537
0.028741474634019
0.034663684742926
-0.009738384861246
-0.102536393960786
-0.236084983874232
-0.397656725490473
-0.570558651386923
-0.735635298868154
-0.873029027346037
-0.964045129704887
-0.992958934215602
-0.948605606812397
-0.825610465034896
-0.625146912033952
-0.355148169659995
-0.029944583711825
0.330653415174011
0.702759630941814
1.060194933990694
1.376506927896405
1.627063450357741
1.791049004836421
1.853199455698880
1.805130238091920
1.646145336839550
1.383455769759383
1.031783869702585
0.612379384172743
0.151521202233540
-0.321379570419934
-0.775926900505346
-1.182968665189670
-1.516731437410866
-1.756693136984648
-1.889046676326502
-1.907640881876713
-1.814327331991846
-1.618689825547907
-1.337183020347470
-0.991754254508948
-0.608063786114547
-0.213450279829326
0.165192238385599
0.503454101426647
0.781203070458042
0.983989360698434
1.103954687595051
1.140179548533831
1.098450255485122
0.990475719924858
0.832629612740316
0.644332479826832
0.446217458243391
0.258240015003302
0.097895263760492
-0.021304305374602
-0.090961466512416
-0.108442534234585
-0.076988938700386
-0.005286470644159
0.093466380428346
0.202906164267408
0.305147370079689
0.382573874167985
0.419619184558927
0.404376283301977
0.329892072170431
0.195028100992506
0.004806160778512
-0.229798648987216
-0.492607329272390
-0.763471969877231
-1.019897131456869
-1.238914295333960
-1.399052979136699
-1.482242097419607
-1.475479087760154
-1.372121959351647
-1.172689339760631
-0.885093351141509
-0.524276464973307
-0.111272531746651
0.328240112435974
0.765783167771420
1.172176686477709
1.519725472437707
1.784319494692192
1.947280131914221
1.996803751960019
1.928886025557299
1.747651871429327
1.465063629486986
1.100030041505077
0.676986776756723
0.224061615552354
-0.229029482658956
-0.653188059980784
-1.022065776723543
-1.313955984896029
-1.513296797366601
-1.611670666974018
-1.608227209576051
-1.509503495930823
-1.328665356194668
-1.084240302859453
-0.798453596685430
-0.495310390618941
-0.198586224535819
0.070106142496993
0.293013897047031
0.457567263074889
0.557223451917824
0.591767993349538
0.567056625020223
0.494228692990786
0.388467886554573
0.267424323700702
0.149440316433633
0.051738212101961
-0.011268802752823
-0.029393320683105
0.002307804329806
0.083003878414764
0.206097896034311
0.359772651558045
0.528029989709559
0.692134619033834
0.832338239362982
0.929734562789649
0.968083300063243
0.935442438841519
0.825463097611953
0.638228686010715
0.380557771406161
0.065734810208365
-0.287318986629753
-0.655374950291766
-1.012623936573758
-1.332664012741041
-1.590588555761635
-1.765004350049176
-1.839813250792747
-1.805608785076481
-1.660569276229237
-1.410769240119511
-1.069877625294959
-0.658261101374321
-0.201558950438851
0.271160808179015
0.729520190002840
1.144058476290549
1.488392439598233
1.741139369164530
1.887451836710871
1.920044569786745
1.839634926779521
1.654765904288536
1.381030444315965
1.039763942406032
0.656314332076974
0.258032454359851
-0.127853103679286
-0.476304630236982
-0.766321597877187
-0.982418794343998
-1.115622213560084
-1.163909656379004
-1.132069758090906
-1.031001764259530
-0.876524757751545
-0.687805335270503
-0.485543598906204
-0.290076223219355
-0.119560747052730
0.011603276133136
0.093982284928941
0.123844800778600
0.103365889199455
0.040286563979183
-0.052938009599816
-0.160423384700374
-0.264458139357515
-0.347280414973495
-0.392870194183645
-0.388597118497742
-0.326575676516441
-0.204604357641703
-0.026600784770041
0.197512068470862
0.452466337692702
0.718806973624842
0.974454002905626
1.196540998302901
1.363376404916766
1.456362162102090
1.461705740909742
1.371777207687318
1.185990992350749
0.911130394326426
0.561078342658750
0.155966776630235
-0.279194825219217
-0.716307775470902
-1.126250237102957
-1.481058014538368
-1.756046500519136
-1.931703829283681
-1.995202859171680
-1.941409711307695
-1.773306770180796
-1.501795014652378
-1.144890438032460
-0.726378032950253
-0.274030356331395
0.182467524399679
0.613721722197752
0.992787191617799
1.297109276970211
1.510097507757394
1.622210752120881
1.631473326605068
1.543388514887784
1.370265278929142
1.130021667186539
0.844570594422678
0.537926816540480
0.234195342213445
-0.044390514410532
-0.279219327950895
-0.456697463035378
-0.569179495531560
-0.615362422068526
-0.600119051342607
-0.533793867847992
-0.431030291487242
-0.309237788688629
-0.186837407106746
-0.081442490183626
-0.008136072044005
0.022002616044150
0.002992187794366
-0.065433422510545
-0.177739635068072
-0.323047324450808
-0.486092460983422
-0.648607409466766
-0.791004898213816
-0.894218629303299
-0.941539838257087
-0.920288106393165
-0.823167511553271
-0.649184741294704
-0.404041979310967
-0.099961202115080
0.245055670024776
0.608478539852699
0.964916841926909
1.288071194093420
1.552811744854488
1.737213659505116
1.824381901609611
1.803913124532907
1.672870848622196
1.436188860902478
1.106463762838077
0.703147027048351
0.251195730984262
-0.220714715995761
-0.682276696985478
-1.103771647013825
-1.458251485495572
-1.723508266803248
-1.883677114271143
-1.930347137188234
-1.863094837505520
-1.689401212229334
-1.423963500789445
-1.087461218489433
-0.704879754380597
-0.303529816109913
0.089075481701444
0.447313964741401
0.749350312114827
0.978684499457967
1.125232818084134
1.185861297348170
1.164337490194134
1.070715199784194
0.920213766364938
0.731695080184556
0.525874091155367
0.323419559762704
0.143109428484004
0.000198903218278
-0.094860295938220
-0.137242322851670
-0.128044268414527
-0.074036696274918
0.013106141273064
0.118025161682155
0.223234288197847
0.310877793375255
0.364530273235735
0.370878414576884
0.321133547695740
0.212046777429845
0.046432341943881
-0.166853089143022
-0.413480744516911
-0.674727841537834
-0.928977435818625
0.000000000000000
0.000000000000000
0.000000000000000
0.000000000000000