0.000000000000000
0.443040224949034
0.862083670506101
1.234560409275208
1.540663911944163
1.764512911114652
1.895065668424656
1.926729957208434
1.859631978502916
1.699529681805514
1.457379077868445
1.148584568718035
0.791984589219182
0.408640614023836
0.020509732935880
-0.350912250244660
-0.685889306107194
-0.967602276598192
-1.183091990337375
-1.323930937141447
-1.386584864422543
-1.372446874363236
-1.287548759796583
-1.141975910879883
-0.949031693127529
-0.724213425568233
-0.484073896462736
-0.245048972032921
-0.022332869517561
0.171121945530550
0.325413154983014
0.434252615405193
0.495251289489112
0.509910532947195
0.483326193871825
0.423632345977525
0.341229782588536
0.247859375538401
0.155591019033801
0.075804406612573
0.018237959794166
-0.009823148319267
-0.004159360350715
0.036016282991726
0.107964319100097
0.205605978562695
0.319978447646240
0.439925789571922
0.552975607388395
0.646337607982313
0.707950802827531
0.727501838123975
0.697338206473425
0.613206792374965
0.474759902926164
0.285786841299699
0.054148105615290
-0.208589870344521
-0.487800317559445
-0.766682863781047
-1.027334608815020
-1.251934929311925
-1.423964314368865
-1.529373854794177
-1.557624034555972
-1.502519110103368
-1.362776133811996
-1.142284749373872
-0.850034128395151
-0.499705475047210
-0.108950914555330
0.301599213463685
0.709540056554563
1.092031663412725
1.427189055640339
1.695433725548114
1.880719056390372
1.971549707468720
1.961727890997503
1.850776850213334
1.644012583989114
1.352257579400939
0.991213502038496
0.580531912243252
0.142641651951430
-0.298592721089808
-0.719296232462711
-1.097002068819857
-1.411973692410329
-1.648347354548996
-1.795023913215031
-1.846255526416682
-1.801892959066576
-1.667281551299804
-1.452816854975422
-1.173193018449774
-0.846396718605482
-0.492515498764163
-0.132440718661463
0.213448772295026
0.526536024309216
0.791067889628990
0.995039896742159
1.130810121800730
1.195407118917254
1.190518157210507
1.122165890570040
1.000102659005532
0.836970454667901
0.647289909065073
0.446352446381113
0.249095293980385
0.069039002407332
-0.082638452623175
-0.197827608487744
-0.271965148391037
-0.304233177555138
-0.297470353200975
-0.257805878948062
-0.194047253374328
-0.116870229063907
-0.037873466168062
0.031430123307689
0.080609007087292
0.101220441423265
0.087560979207707
0.037202843605120
-0.048725506246500
-0.165537709947349
-0.305269539856086
-0.457222856831014
-0.608736302904242
-0.746128681965434
-0.855747858284280
-0.925049566550088
-0.943627394667565
-0.904117623105728
-0.802910447657314
-0.640611863892387
-0.422217295809850
-0.156977767160262
0.142039307109530
0.458671254021883
0.774619747551052
1.070588207734219
1.327523073410688
1.527876710134052
1.656806932037091
1.703231103588371
1.660661385827354
1.527761359472636
1.308582103583738
1.012456653612558
0.653554217469443
0.250118087578299
-0.176567668191966
-0.603419353182129
-1.006925029661023
-1.364559397968217
-1.656151958685996
-1.865120738142958
-1.979492147515634
-1.992641100743093
-1.903703445664457
-1.717633880731332
-1.444905435785072
-1.100869768434829
-0.704819428024969
-0.278812413090415
0.153665474866072
0.569114799882238
0.945422985874116
1.263162373168018
1.506704339337723
1.665080579261272
1.732539697305386
1.708767628840927
1.598762701991540
1.412378872358989
1.163572289726462
0.869405443424264
0.548878417376323
0.221667265404951
-0.093145478912604
-0.378263912029326
-0.619217687680139
-0.805180595877086
-0.929518624021946
-0.990036560488808
-0.988913324629024
-0.932337762151275
-0.829877147669651
-0.693628683796661
-0.537218651863274
-0.374723586672037
-0.219592275819257
-0.083646250960896
0.023770141871715
0.096430541770829
0.131614349200544
0.130216248842035
0.096572593734862
0.038020355729090
-0.035776267203651
-0.113679678882459
-0.184048172904002
-0.235747307092418
-0.259126852703665
-0.246889152453102
-0.194782390916035
-0.102064741132358
0.028298266568535
0.189721648300686
0.372372043184084
0.563799278906974
0.749786618292010
0.915361567415823
1.045896789047158
1.128223193129656
1.151675224469868
1.108991918542697
0.997006243500668
0.817069009263624
0.575171285924186
0.281749642250180
-0.048819793982362
-0.399010922466822
-0.749173485180092
-1.078730823465979
-1.367472621321680
-1.596858104125936
-1.751243237534955
-1.818949369777421
-1.793100259669014
-1.672168928346854
-1.460194319205283
-1.166649123353717
-0.805962906281039
-0.396727333874361
0.039368676678971
0.478808077343531
0.897639561229993
1.272908142046063
1.584031647269339
1.814035552517717
1.950567572587175
1.986627588422652
1.920966890616677
1.758132136483714
1.508152425178377
1.185890963845771
0.810104395000953
0.402271549560121
-0.014732053355395
-0.418028174014053
-0.786108739016557
-1.100100265809731
-1.344840364909584
-1.509699978456427
-1.589102422337397
-1.582710806352722
-1.495277617752955
-1.336172664568985
-1.118626677085912
-0.858746245582143
-0.574370209116298
-0.283847157081690
-0.004817753548095
0.246916086983919
0.458360393835456
0.620074203961666
0.726644419522486
0.776863793703520
0.773606415758901
0.723416264939472
0.635844296387314
0.522586740212657
0.396490659327669
0.270501415861893
0.156629967693166
0.065015655873497
0.003152535964280
-0.024665091389355
-0.017638593550143
0.021517955060137
0.086839493705697
0.169629961073973
0.259201160985521
0.343775057171550
0.411481940992142
0.451379631080577
0.454416922465103
0.414268054674650
0.327973779590846
0.196338077964552
0.024046769058261
-0.180506011948151
-0.405676603177124
-0.637288414621469
-0.859560031854207
-1.056182749092393
-1.211473882949703
-1.311525681771643
-1.345268638672090
-1.305372652693630
-1.188919486218311
-0.997794690537555
-0.738765639409758
-0.423233283635726
-0.066667300315286
0.312244041905974
0.692678226267566
1.052929463832061
1.371746623303835
1.629671583955190
1.810290378601498
1.901314253099734
1.895418105648777
1.790779020266482
1.591276776650851
1.306340037754810
0.950444938496679
0.542295490475457
0.103736062964488
-0.341536194940811
-0.769377942110612
-1.156636315618559
-1.482524712891353
-1.729850646967709
-1.886018281554752
-1.943742968063873
-1.901433909333879
-1.763222708556494
-1.538638583351320
-1.241953899962846
-0.891244890323838
-0.507230550134168
-0.111966584336523
0.272520036884742
0.625567376667029
0.929100069017472
1.168659058994583
1.334176136542989
1.420447580955496
1.427281835657329
1.359318202319247
1.225535577180481
1.038490759514280
0.813343463146852
0.566738683283380
0.315625623981408
0.076095432317312
-0.137682650181732
-0.314355193689715
-0.446049954820988
-0.528770988207139
-0.562501346564689
-0.551012153399075
-0.501397650363719
-0.423375075413934
-0.328404583699405
-0.228696752526059
-0.136182670544925
-0.061523697180781
-0.013234564623136
0.003015161159693
-0.015130480946323
-0.066510300617348
-0.146522669869240
-0.247477341550426
-0.359197042525612
-0.469825113066988
-0.566780144804968
-0.637787419435151
-0.671910769313816
-0.660507723542188
-0.598035545774729
-0.482645705528927
-0.316518782505678
-0.105909794755562
0.139105772405183
0.405173783094160
0.676459064841137
0.935648198568871
1.165091619347602
1.348008331764363
1.469670911119893
1.518488458628144
1.486910851573104
1.372088634411113
1.176238522728150
0.906683706859139
0.575559662728457
0.199198556462809
-0.202772947348278
-0.608568073420149
-0.995536001417068
-1.341537556755987
-1.626312327830770
-1.832748697709947
-1.947973850028255
-1.964191920577091
-1.879214398774234
-1.696646590873723
-1.425716136973651
-1.080752755052878
-0.680351025942433
-0.246268625853149
0.197870413883964
0.627985230252382
1.020971036589138
1.356064684650956
1.616056777088839
1.788274495409135
1.865274524191807
1.845204590036007
1.731813907755227
1.534115777586363
1.265728171730661
0.943938881523019
0.588559293601555
0.220643973378599
-0.138838894055781
-0.470299015744231
-0.756693962698617
-0.984503352929278
-1.144447123321321
-1.231905785730254
-1.247021221546464
-1.194478446392893
-1.082990375048238
-0.924527466183827
-0.733350885008327
-0.524920366536715
-0.314755465229697
-0.117330861253174
0.054917235182413
0.192405489538172
0.288984179028137
0.342247076764130
0.353553056196203
0.327762806532022
0.272714470539476
0.198480610334533
0.116464377326201
0.038404033610820
-0.024638736562103
-0.063230406248329
-0.070385340203798
-0.042191665062570
0.021804581719734
0.118487273274751
0.241340421666986
0.380890629160305
0.525391604775432
0.661702674363455
0.776298629451357
0.856338050678021
0.890712145901256
0.870996546938987
0.792234416411846
0.653490248009563
0.458129162270133
0.213795259893576
-0.067916587102485
-0.372079681578211
-0.681308772507896
-0.976832940701782
-1.239698661978442
-1.452023500007159
-1.598216118788822
-1.666079261010766
-1.647718993760179
-1.540195467992123
-1.345866900056184
-1.072398377825901
-0.732429096679201
-0.342914267982770
0.075820309062524
0.501253632977814
0.910001752488432
1.279222835556125
1.588005553626791
1.818651726656283
1.957770512300166
1.997113248300009
1.934094597832791
1.771965812674961
1.519628382964220
1.191099594719142
0.804664022211731
0.381765246540578
-0.054291230485060
-0.479740920549342
-0.871779665808716
-1.209909263756651
-1.477124638947608
-1.660868665026172
-1.753696411458242
-1.753610002294233
-1.664047116918826
-1.493528964217304
-1.254995792354142
-0.964878171748061
-0.641969069408479
-0.306174014625505
0.022776355352845
0.326565817693333
0.589403106241877
0.798932346634223
0.946886879508889
1.029448258421884
1.047292892973453
1.005330451517772
0.912159251490373
0.779283003449837
0.620149135648498
0.449080440046655
0.280178183976106
0.126275716518604
-0.001983059111703
-0.096875816672464
-0.154094317286850
-0.172964822058819
-0.156383857499519
-0.110477484475520
-0.044012235990264
0.032396188537915
0.107215812689087
0.169001996420545
0.207395801337749
0.214041470095659
0.183353141109082
0.113071701644076
0.004567733631068
-0.137135226195460
-0.303622687273279
-0.483621322705524
-0.663766280135476
-0.829551323238221
-0.966395579434344
-1.060751380246032
-1.101173644168116
-1.079272785895192
-0.990480172630031
-0.834567238270024
-0.615875707362480
-0.343235872265967
-0.029571184683688
0.308790891035300
0.653061252088749
0.983126230509884
1.278806621493228
1.521156512113847
1.693715830459914
1.783632404605210
1.782576901246025
1.687386832444642
1.500393044753772
1.229402604093480
0.887334401285250
0.491526631096350
0.062757011884202
-0.375964247169006
-0.800753450715066
-1.188278741771573
-1.517161333342199
-1.769263417643233
-1.930780585695623
-1.993069071556549
-1.953155212698398
-1.813895058864315
-1.583774701654420
-1.276365131253828
-0.909467711303843
-0.504006219279240
-0.082737513944846
0.331135797281142
0.715361546459096
1.049954035000094
1.318346890948233
1.508311179339771
1.612583279765351
1.629166680493015
1.561293684647813
1.417055602091510
1.208731789521117
0.951867440526843
0.664166016321673
0.364273593515719
0.070538452792015
-0.200170426249260
-0.433507640789398
-0.618490702964770
-0.748081852886104
-0.819478312594796
-0.834097632819082
-0.797266161799967
-0.717639254307725
-0.606400221167895
-0.476299936505919
-0.340609458437132
-0.212063280656473
-0.101870580797949
-0.018866114136563
0.031138354376329
0.045756203839776
0.026154027986784
-0.023101940952991
-0.094468036678234
-0.178081367271761
-0.262604156964311
-0.336190680788716
-0.387504125870979
-0.406706780639080
-0.386348500775100
-0.322085331850167
-0.213172010019455
-0.062687996211981
0.122524380031952
0.332210501553287
0.553322784935779
0.770869169928864
0.968934228936523
1.131803190639452
1.245110777756548
1.296933749133226
1.278748661362306
1.186184487153986
1.019512828401954
0.783835676827276
0.488950851528303
0.148897017865525
-0.218797914511797
-0.594120701966255
-0.955766947999268
-1.282449810954926
-1.554238766771826
-1.753840834905727
-1.867739411841222
0.000000000000000
0.000000000000000
0.000000000000000
0.000000000000000