0.000000000000000
0.371592142386237
0.727443130630800
1.052599318254503
1.333639687916200
1.559338544525402
1.721210294990083
1.813907345567111
1.835450258902614
1.787278566561347
1.674120513013187
1.503689962856260
1.286228179846003
1.033916656594972
0.760194166837147
0.479016340165029
0.204099039088908
-0.051812512443886
-0.277608574362025
-0.464377354838170
-0.605834680451851
-0.698598085018014
-0.742291409632484
-0.739475638801383
-0.695411539856895
-0.617669171377899
-0.515607947066535
-0.399758200362731
-0.281140684900675
-0.170563859460980
-0.077939953152418
-0.011659624680262
0.021938412582634
0.018971934435584
-0.021729688178787
-0.098534828140232
-0.207088938625750
-0.340559664992665
-0.490033967846995
-0.645044723268888
-0.794196765119622
-0.925856527253708
-1.028865660308043
-1.093237454766499
-1.110795689453374
-1.075718601634081
-0.984955871758110
-0.838493543417131
-0.639450264921372
-0.393997669368723
-0.111107576823195
0.197861548231612
0.519717366156678
0.840096230839835
1.144199842248362
1.417565955223600
1.646831025766824
1.820442926572569
1.929284445423586
1.967173052547782
1.931209122801475
1.821953054296783
1.643421078348846
1.402899486329044
1.110586954638627
0.779084075452711
0.422757573440077
0.057013541429176
-0.302481020105495
-0.640586298738586
-0.943444893028491
-1.199163560305133
-1.398385036946084
-1.534719639954568
-1.605014185501979
-1.609444814329366
-1.551430088996886
-1.437370677560565
-1.276231506737223
-1.078990921266121
-0.857988643024378
-0.626209780266116
-0.396545492171160
-0.181071982880855
0.009611773096590
0.166950709882992
0.284873489439636
0.360081540670851
0.392172069628723
0.383589300823081
0.339408018702669
0.266963034257142
0.175346965619176
0.074806199684047
-0.023929327047460
-0.110343150782431
-0.174815230894979
-0.209250782029734
-0.207618048552951
-0.166363292334539
-0.084678284037678
0.035395979969059
0.189036244187215
0.368871776449778
0.565374466179310
0.767382794474744
0.962730482781786
1.138944511370592
1.283973064636655
1.386902043788245
1.438619200725852
1.432387670941314
1.364295569279413
1.233555090023030
1.042632845089808
0.797202518842383
0.505920793246855
0.180037350677011
-0.167140958012836
-0.520903505467386
-0.865871930733096
-1.186779214986942
-1.469249653995135
-1.700537407357855
-1.870183467708270
-1.970555284777884
-1.997239656729947
-1.949267510514553
-1.829158389108328
-1.642782334930651
-1.399046856310706
-1.109426231437755
-0.787359009681525
-0.447546735298156
-0.105192245713431
0.224780909008158
0.528485492770149
0.793763092016597
1.010774880414945
1.172459209767182
1.274832124202480
1.317115729354587
1.301688994614248
1.233865483788512
1.121512142143029
0.974532076967784
0.804241762377291
0.622678859252381
0.441880547990626
0.273173720608341
0.126517492297880
0.009935324646112
-0.070931214590057
-0.113122097033724
-0.116495391759536
-0.083693627580717
-0.019942624132245
0.067304934781059
0.168860010130162
0.274392931323652
0.373099419357792
0.454397933000798
0.508617516754228
0.527635806070558
0.505429617889510
0.438505467907369
0.326184134337307
0.170721650252911
-0.022741611910390
-0.246402322074626
-0.490174875204493
-0.742211088903518
-0.989530626945436
-1.218727427442138
-1.416712917552061
-1.571454491950862
-1.672667753499450
-1.712423365033959
-1.685633913675700
-1.590392692605207
-1.428144399323178
-1.203676984006935
-0.924933742319873
-0.602654684061818
-0.249865667723813
0.118757757002167
0.487617883848259
0.840974743163013
1.163736386501496
1.442216967501631
1.664821752716528
1.822622186061697
1.909790159968284
1.923868379595314
1.865862712859451
1.740152196930412
1.554222376652939
1.318237325100722
1.044474502885001
0.746654061512605
0.439199873803255
0.136473167220233
-0.147979053152493
-0.402119645642699
-0.616023220048325
-0.782351883741366
-0.896679675864387
-0.957649122124514
-0.966952843918217
-0.929143021019506
-0.851281182502503
-0.742449742893509
-0.613154408448561
-0.474652620478148
-0.338247241379631
-0.214586500015807
-0.113010697310339
-0.040983362425699
-0.003639605795308
-0.003477618782693
-0.040211006213400
-0.110790375345279
-0.209592867059984
-0.328768652920114
-0.458724381710815
-0.588715652625846
-0.707514267037032
-0.804111625502254
-0.868417440856995
-0.891913058207800
-0.868221104343027
-0.793557798245199
-0.667040784076252
-0.490833432939183
-0.270115746774231
-0.012881771360832
0.270426763514955
0.567431561892343
0.864446363685577
1.147189001896121
1.401538016321686
1.614292217808191
1.773891207864358
1.871056813309302
1.899319589303244
1.855400745930747
1.739427720187497
1.554970710069382
1.308897304769712
1.011052338321650
0.673779706784461
0.311311585656838
-0.060942220037462
-0.427166572167061
-0.771933346312573
-1.080971158487296
-1.341871087056411
-1.544690578711894
-1.682423388552424
-1.751310836541103
-1.750978450535739
-1.684391718909035
-1.557634654724723
-1.379524621929360
-1.161085848829541
-0.914911755776941
-0.654452224701626
-0.393265905751617
-0.144279372807242
0.080905686661379
0.272618991379993
0.423608703586099
0.529382701894637
0.588386172619493
0.602006949387066
0.574409832488903
0.512210823332570
0.424011269199415
0.319819819639428
0.210396403875078
0.106556794449162
0.018478482057186
-0.044951570128787
-0.076709186971479
-0.072091779424357
-0.029036734717323
0.051719480876582
0.166651242350942
0.309622739880264
0.472226319049364
0.644261319069355
0.814326415873874
0.970491868749086
1.101013352617877
1.195046502207048
1.243321046609758
1.238735490993742
1.176837593354700
1.056162150680402
0.878405501800396
0.648425232912784
0.374063328581842
0.065800899530288
-0.263737915558997
-0.600406765051628
-0.929249427362134
-1.235265244480578
-1.504186087442305
-1.723222479308700
-1.881738039566965
-1.971815223685547
-1.988681203128798
-1.930970339330577
-1.800808627639826
-1.603715228171107
-1.348326218040031
-1.045955436291166
-0.710016207197224
-0.355335323698194
0.002603471622820
0.348445480393243
0.667737974172881
0.947648351078955
1.177588972404135
1.349715408288445
1.459271934391938
1.504766668130695
1.487968234408338
1.413725774990573
1.289623907705405
1.125493354463545
0.932805882263583
0.723988497547238
0.511696151957647
0.308084318507300
0.124122567770477
-0.031012268730267
-0.150429469130675
-0.229877052624738
-0.267934526314580
-0.266035792012275
-0.228321989732483
-0.161333779523010
-0.073561731921752
0.025118407598492
0.124092249924895
0.212697094546032
0.280915566876319
0.320031868289808
0.323212065769944
0.285974163869042
0.206519970865980
0.085908640352751
-0.071939204607188
-0.260408184096966
-0.470517354754698
-0.691394202724895
-0.910867406718982
-1.116145443112737
-1.294543047283457
-1.434214616801056
-1.524853011465074
-1.558313912406112
-1.529129856158401
-1.434884042148265
-1.276421691721865
-1.057885686381975
-0.786572933380603
-0.472617855549562
-0.128519023226074
0.231466298869900
0.592027518176376
0.937568194874313
1.252994296524456
1.524480632918290
1.740173982217413
1.890794823376228
1.970105104600249
1.975216797094212
1.906724700695960
1.768656598211500
1.568243862469758
1.315525447455181
1.022807295701017
0.704007062556340
0.373920257156207
0.047448086583670
-0.261170766876093
-0.539082610502142
-0.775456350309628
-0.962002040569174
-1.093342952477792
-1.167222030549536
-1.184532935619897
-1.149175720149125
-1.067746992324229
-0.949083650497999
-0.803687392438208
-0.643063770773529
-0.479014210836387
-0.322921872067439
-0.185072384246911
-0.074048320285913
0.003768096176639
0.044555858569791
0.047259325902133
0.013624391744354
-0.051934924117202
-0.142631315150407
-0.249743037774766
-0.363171069336456
-0.472082053273598
-0.565599539067435
-0.633503182896764
-0.666895024743577
-0.658793731834021
-0.604621698587757
-0.502555896068658
-0.353721032717357
-0.162212492272799
0.065053846276818
0.318657970474112
0.587141871497364
0.857600475207241
1.116365190181625
1.349742486873686
1.544766607158859
1.689924472902353
1.775812178039084
1.795686041760625
1.745876873785733
1.626043542639678
1.439250731432111
1.191865423695493
0.893276646516785
0.555452752853046
0.192359505409773
-0.180730070458848
-0.547997097947181
-0.893868598618038
-1.203796958914199
-1.464985152166797
-1.667018736302542
-1.802370783429904
-1.866752901711375
-1.859293991846432
-1.782537867176067
-1.642260829062792
-1.447120172696013
-1.208153852492343
-0.938159646040339
-0.650988670674572
-0.360792666387076
-0.081266811720335
0.175070141944786
0.397518944408821
0.577731164907342
0.710100240161647
0.791991762698045
0.823801667040567
0.808840725254798
0.753053574967179
0.664589820784074
0.553253050676838
0.429860426745248
0.305550462976281
0.191079414530651
0.096147217761855
0.028792111054936
-0.005110962028688
-0.002219084641940
0.038064181310467
0.113541155269327
0.219342147587532
0.348210491242572
0.490934286242507
0.636900178465155
0.774737418671247
0.893015165448177
0.980952808211577
1.029102175669812
1.029961915796791
0.978488008602044
0.872470099110730
0.712750795664447
0.503273850912728
0.250956738328856
-0.034606982399538
-0.341600506948371
-0.656568029900770
-0.965099089778928
-1.252575947735514
-1.504943219187427
-1.709457530816135
-1.855375879398553
-1.934544577209081
-1.941856005598533
-1.875547568944000
-1.737325847849142
-1.532308515086087
-1.268786568327324
-0.957819294182052
-0.612683559440090
-0.248207016517552
0.119978833958754
0.476225413290063
0.805651221527231
1.094881148293514
1.332701254330674
1.510594082310628
1.623126223717383
1.668168089908190
1.646935149912917
1.563849784507889
1.426232813429721
1.243843127470857
1.028292177138343
0.792366871642371
0.549299348751963
0.312024816606975
0.092469093671784
-0.099094436624755
-0.254582872726447
-0.368507378929920
-0.438220600931785
-0.463995166147519
-0.448930174596056
-0.398692387808132
-0.321108221318136
-0.225631111347867
-0.122715881684632
-0.023136985548778
0.062709355568237
0.125478225040479
0.157484862309805
0.153213558631059
0.109696598078414
0.026740688610900
-0.093012938512897
-0.244199052979374
-0.419004077673811
-0.607591880721872
-0.798656058350092
-0.980067720922727
-1.139582194088160
-1.265564503471030
-1.347692227995355
-1.377595359997646
-1.349396144766772
-1.260117304719843
-1.109934282704719
-0.902255762289308
-0.643626259029592
-0.343454492523226
-0.013580989588188
0.332292611591456
0.679282293968240
1.012072040551754
1.315695351342552
1.576305514219019
1.781892720195824
1.922908914397101
1.992766247733437
1.988181865440258
1.909350156017637
1.759933021599790
1.546868693531634
1.280009550711413
0.971608750461320
0.635683732227888
0.287291344820262
-0.058245893054505
-0.386120324731666
-0.682784176429619
-0.936618879218160
-1.138492844300394
-1.282178162730485
-1.364604643015491
-1.385938719740050
-1.349484551970184
-1.261414533571763
-1.130345904560035
-0.966788654081556
-0.782496967224531
-0.589761696429557
-0.400684443962089
-0.226474654297904
-0.076809592893566
0.040706679612493
0.120955025395191
0.161560823488210
0.162987394509683
0.128458759627717
0.063717024546986
-0.023370848154951
-0.123333492121559
-0.225712143208008
-0.319737987590129
-0.395030163962482
-0.442273512307965
-0.453836269535507
-0.424291285790367
-0.350809785131410
-0.233403914146051
-0.075002905656181
0.118642851395015
0.339225733773319
0.576299090559186
0.817827171051054
1.050836602799093
1.262133320569677
1.439044935501466
1.570146862556794
1.645931191897183
1.659380263131236
1.606412018180808
1.486171186063184
1.301148803839213
1.057122031997281
0.762916152630658
0.430000490751443
0.071939222658958
-0.296273885181384
-0.658961279843681
-1.000547917113058
-1.306345685907521
-1.563293632127372
-1.760614027531713
-1.890348916399400
-1.947748316825642
-1.931489390474936
-1.843715171498425
-1.689891345615785
-1.478489542888199
-1.220515097480255
-0.928905706962407
-0.617834421424413
-0.301955520913605
0.004365184708404
0.287793439117874
0.536702499781263
0.741745406875723
0.896292956615347
0.996714427304966
1.042487016174640
1.036129610512009
0.982966394599955
0.890735329972827
0.769065205821414
0.628852254094287
0.481572852027863
0.338572285387753
0.210370727593964
0.106026439849377
0.032592783348452
-0.005299848074731
-0.005713306245044
0.030493104375472
0.099727326448039
0.195895218751547
0.310783710602016
0.434574178077537
0.556456261804165
0.665306518191455
0.750392487405306
0.802061188868848
0.812371809635081
0.775635392479482
0.688829490081300
0.551862740870665
0.367672749445998
0.142150047057222
-0.116109262112118
-0.396209848016861
-0.685501121232755
-0.970229564131694
-1.236263908627198
-1.469853351103534
-1.658376920549156
-1.791042378498198
-1.859495618783304
-1.858306310596192
-1.785302226660581
-1.641732948292862
-1.432252982465133
-1.164724242878888
-0.849847785248492
-0.500644092681746
-0.131809555882131
0.241016380662915
0.602034011985529
0.936073965146078
1.229353035460821
1.470154649200070
1.649397518679593
1.761062249976486
1.802453522954297
1.774284549072499
1.680580317532099
1.528406117771710
1.327437420043690
1.089395871529798
0.827383440749086
0.555152214185929
0.286350713770574
0.033788677929452
-0.191239023315196
-0.379532211493976
-0.524437443766164
-0.622148119960353
-0.671837186581472
-0.675616505656897
-0.638326794632015
-0.567171632340192
-0.471217825938405
-0.360791950042647
-0.246808680149587
-0.140070322109330
-0.050578476780381
0.013102010713711
0.044389738162960
0.039112167327482
-0.004215134735691
-0.084271941690927
-0.196986661216969
-0.335756874587119
-0.491824899258699
-0.654787211747991
-0.813208817435335
-0.955307531384666
-1.069668987594681
-1.145951260120830
-1.175538370627792
-1.152104654795552
-1.072056816450478
-0.934827243616574
-0.743000418697440
-0.502263564108025
-0.221182503724115
0.089186461987802
0.415828624268053
0.744418681754524
1.060049505062322
1.348002372335386
1.594516706559612
1.787517185075654
1.917258274835107
1.976850654945945
1.962640377893125
1.874419638495774
1.715457220000585
1.492346558252965
1.214679358489515
0.894562258844833
0.546002628189687
0.184196735342118
-0.175241165416416
-0.517067115801159
-0.827170524801596
-1.093270949659213
-1.305511275432308
-1.456915810652453
-1.543689377558889
-1.565342344952914
-1.524636233278504
-1.427354473600773
-1.281912568615808
-1.098830745133368
-0.890099710845337
-0.668475915193575
-0.446746444098998
-0.237005146192679
-0.049980716068945
0.105545698595768
0.223201062709474
0.299333957430725
0.333164259812427
0.326761633949373
0.284855260487698
0.214486863745373
0.124528025758549
0.025090500802137
-0.073135673004701
-0.159577369221688
-0.224466095503614
-0.259477898952014
-0.258287842659629
-0.217006315671992
-0.134471179396210
-0.012377980937321
0.144760286173130
0.329822642820230
0.533447874974875
0.744540539606589
0.950887201056845
1.139848448089129
1.299087746930880
1.417295877504213
1.484869712691620
1.494506437586410
1.441678840334845
1.324963787939548
1.146204069240265
0.910492993750407
0.625980965343800
0.303513154665959
-0.043883180458804
-0.401634759196018
-0.754347819982217
-1.086584164089391
-1.383645807300853
-1.632325749347422
-1.821584128370323
-1.943113044179730
-1.991759387338248
-1.965782765173769
-1.866934639733074
-1.700354584502602
-1.474289581655291
-1.199651962447931
-0.889440401781165
-0.558055824319362
-0.220549750683662
0.108153805832245
0.414020485844028
0.684610427216816
0.909687811121626
1.081702571496523
1.196118977566620
1.251574434221976
1.249861381176644
1.195735073821264
1.096559741526274
0.961814599070260
0.802488931783703
0.630401552676808
0.457484002067357
0.295068701806752
0.153222787419792
0.040165553684727
-0.038197477030579
-0.078597638268024
-0.080565385973519
-0.046423040704942
0.018890959158671
0.108155585165801
0.212338763208453
0.321179242381792
0.423844744604514
0.509627935632513
0.568639528422911
0.592457913223647
0.574697102044511
0.511459344916638
0.401645265481130
0.247102409540008
0.052602249941689
-0.174354570253730
-0.423895195384312
-0.684274886401665
-0.942493658103163
-1.184995425641091
-1.398411007406063
-1.570303634702416
-1.689875235117849
-1.748593712191781
-1.740705633785640
-1.663604934969006
-1.518036095252964
-1.308119328257260
-1.041195119055530
-0.727495414473232
-0.379658358351827
-0.012112132080013
0.359639273659769
0.719790073069919
1.053024859559637
1.345286272800664
1.584476809627799
1.761057035658834
1.868508146919782
1.903634292754703
1.866688887082184
1.761318813382045
1.594330430441256
1.375291053853951
1.115988578932186
0.829779624206968
0.530862582990862
0.233515941109510
-0.048656066306731
-0.303429018963434
-0.520576597383525
-0.692368171802682
-0.813919206070053
-0.883376378751718
-0.901928699721863
-0.873645734731278
-0.805153789786260
-0.705170004602456
-0.583922249492705
-0.452489067637618
-0.322098299822693
-0.203425226561912
-0.105930942028796
-0.037279244899808
-0.002865732569113
-0.005486278790213
-0.045164029556994
-0.119144923451696
-0.222062047209290
-0.346259423227774
-0.482256642603840
-0.619327624564726
-0.746160161405214
-0.851558172752202
-0.925146013580073
-0.958033905001294
-0.943405603900869
-0.876993684652062
-0.757414036617667
-0.586339036818585
-0.368497898188517
-0.111502413272597
0.174493834564352
0.477285289072890
0.783227285176916
1.077938925939437
1.347057716719998
1.577004602171880
1.755717254412752
1.873311013428312
1.922630700708488
1.899662404465638
1.803781944444667
1.637825644061760
1.407978771609530
1.123487018925719
0.796206108097639
0.440013512967918
0.070113856867601
-0.297724620744459
-0.647961372803193
-0.966059986281198
-1.239207987969362
-1.456941427919994
-1.611640967435610
-1.698873345187476
-1.717560675375451
-1.669969566262377
-1.561522003447622
-1.400439764272920
-1.197243270148901
-0.964133733359569
-0.714293772167952
-0.461146002758486
-0.217611230039657
0.004592362394277
0.195570162777566
0.347758072986354
0.000000000000000
0.000000000000000
0.000000000000000
0.000000000000000