0.000000000000000
0.452470759374908
0.876409902247790
1.245410214416076
1.537143079328474
1.734986273216175
1.829196029325778
1.817531519704234
1.705284884756886
1.504718689430488
1.233961154104731
0.915453678603040
0.574081391307065
0.235142720608945
-0.077673773500862
-0.344138842718662
-0.549007409142285
-0.683096084318034
-0.743828821665745
-0.735211310343554
-0.667242970995061
-0.554822738525362
-0.416247251753268
-0.271434066074330
-0.140025225122655
-0.039536080197094
0.016290153635124
0.018779583528534
-0.034835941298695
-0.141116158315657
-0.290670743082763
-0.468957915412075
-0.657556202318634
-0.835801544738823
-0.982650268802707
-1.078608502006500
-1.107562095372489
-1.058348586158188
-0.925933601062928
-0.712086633511621
-0.425492627386087
-0.081282806380960
0.299983219729481
0.693805923973555
1.073586976667034
1.412674965252964
1.686449772601985
1.874275482651891
1.961161596593033
1.938995557433881
1.807244188901096
1.573064799237833
1.250814812040989
0.860997879954571
0.428730444473135
-0.018148186616895
-0.451170203405459
-0.843369625707611
-1.171277586082646
-1.416623094996049
-1.567604484732003
-1.619632450543509
-1.575489406000743
-1.444898095923379
-1.243541051487347
-0.991617485142195
-0.712061872267446
-0.428575635107533
-0.163637793744623
0.063338995672740
0.237553946382928
0.349938230054214
0.397759342542445
0.384663544411973
0.320158018538456
0.218581949401144
0.097659015246248
-0.023240836834210
-0.124977958166888
-0.190493955670223
-0.206475403408469
-0.164684686034823
-0.062840712970080
0.095029432518430
0.298801777123941
0.533015519777180
0.778120780427092
1.012111041403380
1.212403953320475
1.357812228832133
1.430437651120583
1.417326538841798
1.311743922361055
1.113954646115276
0.831440057829089
0.478525519669277
0.075442805237311
-0.353101537921606
-0.779739499438528
-1.176492131704855
-1.516892602265362
-1.778010427761795
-1.942213030238572
-1.998521782564876
-1.943452544986198
-1.781272625899802
-1.523653656240733
-1.188749109617701
-0.799772050693688
-0.383189273010768
0.033321062090329
0.422982406131109
0.761932499459942
1.030973893537423
1.216922888664916
1.313451330278049
1.321358198416095
1.248255481383414
1.107701476003083
0.917860347431133
0.699805708121176
0.475614905004150
0.266417242537578
0.090562161998852
-0.037937759552204
-0.110558270250336
-0.124913723464711
-0.084853588499482
0.000000000000032
0.115231095912891
0.243038554979920
0.363951050876926
0.458698886261253
0.510079412779915
0.504653116061265
0.434121471960131
0.296264367925908
0.095351976372420
-0.158009641182033
-0.447591951095070
-0.752761615934990
-1.050104562579640
-1.315323581596338
-1.525252591995120
-1.659819763873871
-1.703794753008205
-1.648172144166746
-1.491072450358489
-1.238081262050944
-0.901993135048440
-0.501975732803452
-0.062217534191135
0.389834893103065
0.825510023378010
1.217052341856946
1.539699424925170
1.773528388424138
1.904923682402784
1.927549121907401
1.842747582404541
1.659338593751926
1.392833256985657
1.064133405931029
0.697823806448300
0.320198966673721
-0.042812882102252
-0.367658602077854
-0.634938366046048
-0.830810037014459
-0.947908447063444
-0.985709410955307
-0.950315084141500
-0.853685806689300
-0.712389805324930
-0.545982194140463
-0.375155279696785
-0.219820696582047
-0.097288844376475
-0.020702074344208
0.002144137410558
-0.030508689377897
-0.114239352168996
-0.238863512546841
-0.389373367620087
-0.547319479467917
-0.692515770751524
-0.804920707109105
-0.866532102693946
-0.863131130031438
-0.785723164232214
-0.631548053441042
-0.404568207472465
-0.115386549442033
0.219405766075795
0.578403904035072
0.936993967934587
1.269258784756930
1.550029875551706
1.756917379844859
1.872150412987471
1.884074981143317
1.788183968827343
1.587591594970189
1.292909975157057
0.921534283762942
0.496391429973129
0.044251129353724
-0.406265880927749
-0.826822946379972
-1.191474727228798
-1.478577810065004
-1.672352285669502
-1.763970743648371
-1.752090125257600
-1.642787750186681
-1.448911778138119
-1.188904316840255
-0.885198366589220
-0.562324237823410
-0.244884147713217
0.044436499043400
0.286656895706474
0.467941357609987
0.580576316681632
0.623407175135642
0.601704323274554
0.526475944410873
0.413291896554172
0.280724065292536
0.148540684704699
0.035812540085540
-0.040904003754109
-0.069149139767910
-0.041769218833706
0.042351927805613
0.178104759437632
0.354527263183515
0.555709979703701
0.762157525138698
0.952491982952951
1.105353804009317
1.201338233132371
1.224801278600215
1.165379220547410
1.019088807275691
0.788909702820991
0.484793567533529
0.123091811621875
-0.274557414319294
-0.682797089675309
-1.074449792205782
-1.422594332381125
-1.702652512085076
-1.894316240375043
-1.983157565721619
-1.961789561941309
-1.830482345241860
-1.597182800092528
-1.276935185844018
-0.890748659391552
-0.464002833536821
-0.024520061673881
0.399539912588596
0.781793203127130
1.099583095268160
1.335613499442103
1.479135348352320
1.526594060234696
1.481690981637716
1.354860251436429
1.162210752140791
0.924026724111485
0.662956567213427
0.402044365787823
0.162770686501791
-0.036732757390092
-0.183145711213699
-0.268978544626622
-0.293065465353359
-0.260494283020175
-0.181983268496155
-0.072762686062596
0.048939355562377
0.163673514832169
0.252652815405896
0.299578679817173
0.292249718287564
0.223811998877893
0.093539923620519
-0.092923326027668
-0.323890877102690
-0.582499718441266
-0.848051293312749
-1.097715060896397
-1.308453451646994
-1.459006941444279
-1.531771752685456
-1.514410509745708
-1.401057410516543
-1.193012381447280
-0.898860539253434
-0.534000615525625
-0.119614876286750
0.318840581292648
0.753506311103550
1.156201696892772
1.500551758582371
1.763987292788134
1.929456959077450
1.986713149096033
1.933068105499356
1.773559926458357
1.520516224034702
1.192552313221438
0.813086824965158
0.408496751642715
0.006062913652739
-0.368126707694681
-0.691145738117631
-0.944911717519997
-1.117447934878696
-1.203626340532320
-1.205336675366665
-1.131074927381879
-0.994992570482702
-0.815492724717457
-0.613496679455280
-0.410531040769252
-0.226799881516673
-0.079406532364011
0.019123939682144
0.061896796120128
0.048186202118428
-0.016583628053235
-0.121410921679858
-0.250791325784733
-0.386201234281844
-0.507860319430730
-0.596620049501550
-0.635813865437276
-0.612907488677602
-0.520804317634653
-0.358689670562203
-0.132336342586998
0.146160673940455
0.459204204928227
0.785006468969317
1.099287085911965
1.377219103328800
1.595462798474255
1.734118506350002
1.778435280041641
1.720131377268784
1.558213818226590
1.299224996899612
0.956891179542128
0.551196804945916
0.106955736702816
-0.348007916963056
-0.784924552840539
-1.176224182654895
-1.497589943662237
-1.729755460599436
-1.859902468476059
-1.882547874707658
-1.799851298743370
-1.621321603444670
-1.362950085760414
-1.045844748650231
-0.694480558477113
-0.334711454375642
0.008291425351719
0.312005828114665
0.558268382633321
0.734590465880204
0.834975658505073
0.860176815028144
0.817378084255028
0.719335559268084
0.583055568582740
0.428128151300840
0.274861773666341
0.142381468794031
0.046854982113116
-0.000000000000018
0.008001111775748
0.070929872391176
0.182718171115786
0.331687707106511
0.501590718267041
0.673073219065716
0.825435574872682
0.938539349141252
0.994696197308173
0.980375273329108
0.887580126043861
0.714773199179372
0.467263557406936
0.157018216522813
-0.198094277270028
-0.575571630518992
-0.949957336113162
-1.294797266007142
-1.584714645740269
-1.797433867527293
-1.915586787778803
-1.928152162877919
-1.831408315779506
-1.629318570392288
-1.333315180234655
-0.961496587969542
-0.537300813027921
-0.087760599031522
0.358519890661945
0.773504393302785
1.131808182771444
1.412559202138612
1.600888485900245
1.688932453243996
1.676270051339618
1.569764371124369
1.382827367380816
1.134173617275199
0.846170720909139
0.542926531783177
0.248274213824958
-0.016176550407730
-0.232760606935549
-0.389109234061060
-0.479023442085929
-0.502800192578503
-0.466989639198300
-0.383609750120280
-0.268890558714945
-0.141659956138561
-0.021513063310539
0.073074720655291
0.126526408999970
0.127678725613977
0.070901472992795
-0.043277738795635
-0.208099891683728
-0.411061519883945
-0.634923726183023
-0.859159968053586
-1.061721474224497
-1.220971422655169
-1.317623754093864
-1.336521018217414
-1.268098105554233
-1.109404095245578
-0.864590650732172
-0.544819418802781
-0.167589070179705
0.244469052630600
0.665233274325571
1.067041667133925
1.422793471944093
1.708032186269878
1.902841379532854
1.993398999358685
1.973063402776369
1.842902318509511
1.611621281360545
1.294897024008609
0.914169811470604
0.494992741844834
0.065071967899643
-0.347843353385969
-0.718050850859636
-1.023796294393976
-1.248834566767194
-1.383527028791355
-1.425390871075537
-1.379061709816472
-1.255679384393894
-1.071754592482044
-0.847616685762730
-0.605577099767325
-0.367965675910839
-0.155206676454147
0.015903173076044
0.133570349420367
0.191919771584273
0.191375123833381
0.138475579194133
0.045148359394464
-0.072497052915177
-0.195746491995887
-0.305092240240125
-0.382119523197877
-0.411303630908182
-0.381560339050009
-0.287413055917811
-0.129672477853891
0.084434215476701
0.341700913609510
0.623914968477113
0.909286861735806
1.174220296619982
1.395276269337347
1.551167271530129
1.624614050808466
1.603907655602764
1.484042986352670
1.267324836270839
0.963390557064040
0.588641449364005
0.165123769522356
-0.281054194631845
-0.721643990279065
-1.128364520669070
-1.475026234716270
-1.739501217711713
-1.905380710979262
-1.963186949360353
-1.911042534971138
-1.754744854521138
-1.507241625112912
-1.187552493829986
-0.819226673385912
-0.428464140327975
-0.042054851819335
0.314695464578518
0.619884273174317
0.856621108983698
1.014198156887039
1.088731470550407
1.083226344200018
1.007068609154574
0.874991535939828
0.705611581635484
0.519661799552244
0.338076365127346
0.180091327600615
0.061524419883382
-0.006619235015999
-0.019097028791787
0.023145808996406
0.113110641435009
0.238426831955170
0.382520514517612
0.526169327749980
0.649308504887862
0.732931876764490
0.760922732570011
0.721654831095597
0.609222731283858
0.424191447590604
0.173795660928351
-0.128435031937632
-0.463599939405907
-0.808828767016576
-1.139048674996895
-1.428973314732314
-1.655150656715923
-1.797900368815559
-1.842979534593646
-1.782836979528071
-1.617349638312956
-1.353976512404134
-1.007313348111646
-0.598080267592599
-0.151621133675007
0.303966440448547
0.739921147420823
1.128960716283775
1.447305603604634
1.676421747946594
1.804343629551779
1.826473415227457
1.745795035405919
1.572490058591664
1.322991211166916
1.018555274193379
0.683476071583244
0.343087122412208
0.021719887552300
-0.259213935146394
-0.482859099925453
-0.638140026524821
-0.720473529805312
-0.731917467265807
-0.680749426826413
-0.580517606306644
-0.448650350266172
-0.304747701790055
-0.168704714387308
-0.058829953353905
0.009877535894052
0.027143474745488
-0.011596922689374
-0.104730522136919
-0.244555696249634
-0.417923402269882
-0.607376429119777
-0.792690520494601
-0.952686342422178
-1.067157533814229
-1.118749369617699
-1.094625800962874
-0.987779569887533
-0.797869334271511
-0.531506855620220
-0.201963042123223
0.171689812778632
0.565934955167972
0.954560519988651
1.310661199111814
1.608730289084452
1.826671724820318
1.947567360735148
1.961054082380385
1.864196737069918
1.661783771391148
1.366019474786666
0.995635958918845
0.574495373176709
0.129794441668079
-0.309984239079679
-0.717209257823805
-1.067154070171726
-1.339802878869126
-1.521265128349716
-1.604687659436863
-1.590595266514210
-1.486637686814866
-1.306769993007061
-1.069939886160874
-0.798395632946502
-0.515759023368970
-0.245026214479208
-0.006664158868129
0.183038876111147
0.313232609995981
0.379271519922439
0.382928934490726
0.332045425333920
0.239646543671557
0.122609936176604
0.000000000000000
0.000000000000000
0.000000000000000
0.000000000000000