0.000000000000000
0.727443130630800
1.333639687916200
1.721210294990083
1.835450258902615
1.674120513013189
1.286228179846005
0.760194166837148
0.204099039088909
-0.277608574362026
-0.605834680451854
-0.742291409632490
-0.695411539856902
-0.515607947066543
-0.281140684900682
-0.077939953152424
0.021938412582630
-0.021729688178788
-0.207088938625749
-0.490033967846992
-0.794196765119617
-1.028865660308038
-1.110795689453370
-0.984955871758108
-0.639450264921372
-0.111107576823197
0.519717366156675
1.144199842248359
1.646831025766823
1.929284445423586
1.931209122801478
1.643421078348850
1.110586954638632
0.422757573440081
-0.302481020105493
-0.943444893028492
-1.398385036946089
-1.605014185501989
-1.551430088996899
-1.276231506737237
-0.857988643024392
-0.396545492171169
0.009611773096588
0.284873489439642
0.392172069628738
0.339408018702690
0.175346965619202
-0.023929327047434
-0.174815230894957
-0.207618048552936
-0.084678284037673
0.189036244187209
0.565374466179295
0.962730482781765
1.283973064636632
1.438619200725831
1.364295569279397
1.042632845089799
0.505920793246852
-0.167140958012834
-0.865871930733091
-1.469249653995130
-1.870183467708267
-1.997239656729946
-1.829158389108332
-1.399046856310712
-0.787359009681531
-0.105192245713434
0.528485492770152
1.010774880414957
1.274832124202501
1.301688994614276
1.121512142143061
0.804241762377321
0.441880547990649
0.126517492297890
-0.070931214590063
-0.116495391759557
-0.019942624132280
0.168860010130119
0.373099419357747
0.508617516754187
0.505429617889480
0.326184134337292
-0.022741611910389
-0.490174875204477
-0.989530626945410
-1.416712917552031
-1.672667753499421
-1.685633913675677
-1.428144399323164
-0.924933742319868
-0.249865667723815
0.487617883848254
1.163736386501491
1.664821752716529
1.909790159968292
1.865862712859466
1.554222376652958
1.044474502885019
0.439199873803266
-0.147979053152494
-0.616023220048341
-0.896679675864420
-0.966952843918262
-0.851281182502554
-0.613154408448611
-0.338247241379672
-0.113010697310363
-0.003639605795310
-0.040211006213379
-0.209592867059942
-0.458724381710759
-0.707514267036970
-0.868417440856936
-0.868221104342979
-0.667040784076221
-0.270115746774219
0.270426763514948
0.864446363685556
1.401538016321657
1.773891207864330
1.899319589303221
1.739427720187482
1.308897304769706
0.673779706784461
-0.060942220037462
-0.771933346312577
-1.341871087056426
-1.682423388552450
-1.750978450535775
-1.557634654724764
-1.161085848829581
-0.654452224701656
-0.144279372807252
0.272618991380009
0.529382701894679
0.602006949387130
0.512210823332649
0.319819819639511
0.106556794449236
-0.044951570128734
-0.072091779424333
0.051719480876574
0.309622739880226
0.644261319069294
0.970491868749013
1.195046502206975
1.238735490993679
1.056162150680357
0.648425232912761
0.065800899530286
-0.600406765051615
-1.235265244480557
-1.723222479308679
-1.971815223685533
-1.930970339330573
-1.603715228171112
-1.045955436291176
-0.355335323698202
0.348445480393246
0.947648351078975
1.349715408288485
1.504766668130752
1.413725774990640
1.125493354463614
0.723988497547294
0.308084318507332
-0.031012268730267
-0.229877052624774
-0.266035792012345
-0.161333779523104
0.025118407598387
0.212697094545931
0.320031868289728
0.285974163868994
0.085908640352741
-0.260408184096940
-0.691394202724840
-1.116145443112663
-1.434214616800978
-1.558313912406042
-1.434884042148213
-1.057885686381946
-0.472617855549554
0.231466298869893
0.937568194874299
1.524480632918279
1.890794823376227
1.975216797094224
1.768656598211523
1.315525447455208
0.704007062556362
0.047448086583677
-0.539082610502160
-0.962002040569220
-1.167222030549610
-1.149175720149218
-0.949083650498098
-0.643063770773618
-0.322921872067502
-0.074048320285937
0.044555858569812
0.013624391744419
-0.142631315150308
-0.363171069336338
-0.565599539067316
-0.666895024743475
-0.604621698587686
-0.353721032717325
0.065053846276810
0.587141871497322
1.116365190181560
1.544766607158786
1.775812178039017
1.745876873785682
1.439250731432081
0.893276646516775
0.192359505409776
-0.547997097947173
-1.203796958914198
-1.667018736302556
-1.866752901711407
-1.782537867176114
-1.447120172696066
-0.938159646040385
-0.360792666387103
0.175070141944792
0.577731164907386
0.791991762698127
0.808840725254909
0.664589820784199
0.429860426745368
0.191079414530745
0.028792111054989
-0.002219084641938
0.113541155269278
0.348210491242480
0.636900178465037
0.893015165448051
1.029102175669697
0.978488008601957
0.712750795664397
0.250956738328846
-0.341600506948346
-0.965099089778880
-1.504943219187370
-1.855375879398502
-1.941856005598497
-1.737325847849125
-1.268786568327323
-0.612683559440098
0.119978833958750
0.805651221527241
1.332701254330706
1.623126223717440
1.646935149912994
1.426232813429806
1.028292177138421
0.549299348752016
0.092469093671797
-0.254582872726482
-0.438220600931870
-0.448930174596182
-0.321108221318286
-0.122715881684784
0.062709355568107
0.157484862309716
0.109696598078380
-0.093012938512873
-0.419004077673736
-0.798656058349980
-1.139582194088031
-1.347692227995231
-1.349396144766670
-1.109934282704653
-0.643626259029564
-0.013580989588194
0.679282293968212
1.315695351342516
1.781892720195795
1.992766247733425
1.909350156017645
1.546868693531658
0.971608750461348
0.287291344820280
-0.386120324731673
-0.936618879218203
-1.282178162730566
-1.385938719740162
-1.261414533571892
-0.966788654081681
-0.589761696429656
-0.226474654297955
0.040706679612502
0.161560823488283
0.128458759627846
-0.023370848154785
-0.225712143207828
-0.395030163962316
-0.453836269535380
-0.350809785131337
-0.075002905656170
0.339225733773272
0.817827171050965
1.262133320569564
1.570146862556679
1.659380263131138
1.486171186063116
1.057122031997246
0.430000490751436
-0.296273885181375
-1.000547917113047
-1.563293632127371
-1.890348916399418
-1.931489390474976
-1.689891345615839
-1.220515097480310
-0.617834421424452
0.004365184708399
