0000000000000000
0010111010001110
0101010101011010
0110111000101000
0111010101111000
0110101100100101
0101001001010010
0011000010100111
0000110100010000
1110111000111100
1101100100111010
1101000001111110
1101001101111110
1101111100000000
1110111000000010
1111101100000011
0000000101100111
1111111010011100
1111001010111111
1110000010100011
1100110100101100
1011111000100111
1011100011101001
1100000011110110
1101011100010011
1111100011100100
0010000101000011
0100100100111011
0110100101100110
0111101101111001
0111101110011001
0110100100101110
0100011100010100
0001101100001110
1110110010100100
1100001110011111
1010011010000001
1001100101000111
1001110010110101
1010111001010010
1100100100010111
1110011010011111
0000000010011101
0001001000111011
0001100100011001
0001010110111001
0000101100111001
1111111001111000
1111010011010000
1111001010110110
1111101010010101
0000110000011001
0010010000101111
0011110110011101
0101001000101101
0101110000010010
0101011101010001
0100001010111010
0010000001100001
1111010101001110
1100100010010110
1010000111111000
1000100001001111
1000000000101101
1000101011101111
1010011001110110
1100110110011100
1111100101000101
0010000111010011
0100000010110001
0101000110010111
0101001101001111
0100011111000111
0011001101111001
0001110001001000
0000100000011001
1111101101110110
1111100010001011
1111111010111001
0000101011001111
0001011111100001
0010000010001101
0010000001011001
0001010011100000
1111111010001011
1110000010100001
1100000010101100
1010010101010101
1001010011110011
1001010000011111
1010010010011001
1100010011001110
1111000000000010
0001111100110101
0100101001111011
0110101010001100
0111101000111010
0111011101101010
0110001101111000
0100001011011001
0001110000011100
1111011010001000
1101100010010011
1100011010011101
1100001000011101
1100100110000101
1101100011000010
1110101001011010
1111100011000100
1111111111000100
1111110101101101
1111001010010110
1110001010100100
1101001010111000
1100100001101100
1100100001101111
1101010101001111
1110111010110110
0001000101001111
0011011101010011
0101100110110011
0111000110000111
0111100110001110
0110111101010011
0101001111000101
0010101100011111
1111110000011010
1100111010011001
1010101000011111
1001010001010011
1000111111110000
1001110001010000
1011010110110001
1101011000011101
1111011011000100
0001000101110011
0010000111100001
0010011010000111
0010000011001000
0001010001111000
0000011011010010
1111110100100000
1111101101100011
0000001101001111
0001001111010001
0010100100111100
0011111000011101
0100110001111100
0100111101000111
0100001110011000
0010100110000000
0000010000110110
1101100110010011
1011000011110001
1001000110110111
1000000111001110
1000010001101011
1001100101011101
1011110100001111
1110100101000010
0001011001001101
0011110010100110
0101011001100010
0110000001001110
0101101001111010
0100100000001000
0010111001010110
0001001110111000
1111111000000100
1111000101001010
1110111011111001
1111010110101101
0000000110011100
0000110110011101
0001010001111011
0001001001001101
0000010110000000
1110111101010101
1101001111000000
1011100010010001
1010010000110110
1001110001000101
1010010000101011
1011110001001100
1110000111000001
0000111011010000
0011110000000001
0110000110010001
0111100100000011
0111111001101010
0111000100110010
0101010000110010
0010110100001110
0000001100001001
1101110110000000
1100001001101111
1011010101001100
1011011001110100
1100001101000010
1101011011011000
1110101101010101
1111101101000011
0000001011011010
0000000011011111
1111011011011111
1110100011000010
1101101111001101
1101010101010010
1101100101001110
1110100101011101
0000010000101010
0010010110010100
0100011101110011
0110001011011101
0111000110100111
0110111110111100
0101110000011101
0011100100101011
0000110001010000
1101110011101110
1011001011110101
1001010101010000
1000100010000111
1000110111101011
1010001101100010
1100001111110101
1110100011101001
0000101100110100
0010010011111010
0011001010110000
0011001111000100
0010101010001001
0001101110000011
0000110000111011
0000000111011000
1111111111011100
0000011101000100
0001011001001001
0010100011000011
0011100100100111
0100000111011101
0011111010100000
0010110110011110
0001000000010000
1110101000100011
1100001000111100
1001111110101111
1000100101000010
1000001110111001
1001000011010000
1010111011001100
1101100011001010
0000011110101110
0011001110010000
0101010101001011
0110011111100001
0110100101100111
0101101101000111
0100000111010000
0010001100101000
0000010111101011
1110111110110101
1110001111110100
1110001101000101
1110101101110011
1111100000100101
0000010000000011
0000101000010100
0000011100000101
1111101000001100
1110010100101111
1100110011100011
1011011100010001
1010100110111111
1010100110100011
1011100011110111
1101011011001111
1111111100100001
0010101101111001
0101010000110100
0111001000001011
0111111110001001
0111101000110011
0110001100000000
0011111000101111
0001001001100011
1110011101001010
1100010000001110
1010110111110001
1010011101001101
1010111101000101
1100001000100000
1101101001000001
1111000110000001
0000001010011011
0000101001010111
0000100000111001
1111111010000001
1111000110001110
1110011010111000
1110001011110100
1110100110001100
1111101100110011
0001010110110110
0011010001010111
0101000011000111
0110010001111101
0110101000110011
0101111100011101
0100001110101000
0001101110000101
1110110100001010
1011111111110111
1001101111110011
1000011100000101
1000010001100010
1001001111011001
1011000111100011
1101100001110101
0000000001001000
