0000000000000000
0010001010011001
0100001010011111
0101110110110000
0111000111000110
0111110101100100
0111111110101100
0111100001110011
0110100001000010
0101000001001110
0011001001100000
0001000010110001
1110110111000100
1100110000110011
1010111001111101
1001011011011000
1000011100001000
1000000000111010
1000001011101110
1000111011110011
1010001101100010
1011111010110111
1101111011100111
0000000110001111
0010010000011001
0100001111110011
0101111010111110
0111001001111011
0111110110110010
0111111110001101
0111011111101010
0110011101011001
0100111100010110
0011000011110000
0000111100100101
1110110000111010
1100101011000111
1010110101001011
1001010111110111
1000011010001000
1000000000100100
1000001101000110
1000111110110000
1010010001110111
1100000000001111
1110000001101001
0000001100011110
0010010110010111
0100010101000011
0101111111001000
0111001100101011
0111110111111011
0111111101101010
0111011101011100
0110011001101100
0100110111011011
0010111101111110
0000110110011001
1110101010110000
1100100101011101
1010110000011100
1001010100011001
1000011000001101
1000000000010100
1000001110100010
1001000001110010
1010010110010000
1100000101101010
1110000111101100
0000010010101100
0010011100010011
0100011010010010
0110000011001111
0111001111010111
0111111000111111
0111111101000001
0111011011001010
0110010101111010
0100110010011101
0010111000001011
0000110000001100
1110100100100111
1100011111110101
1010101011110000
1001010001000000
1000010110010110
1000000000001000
1000010000000010
1001000100110111
1010011010101100
1100001011000111
1110001101110001
0000011000111011
0010100010001111
0100011111011101
0110000111010010
0111010001111110
0111111001111110
0111111100010100
0111011000110011
0110010010000101
0100101101011100
0010110010010110
0000101001111110
1110011110011111
1100011010010000
1010100111001000
1001001101101011
1000010100100011
1000000000000010
1000010001101000
1001001000000001
1010011111001011
1100010000100110
1110010011110110
0000011111001001
0010101000001000
0100100100100110
0110001011010001
0111010100100001
0111111010111001
0111111011100001
0111010110011000
0110001110001100
0100101000011000
0010101100011111
0000100011110001
1110011000011000
1100010100101100
1010100010100011
1001001010011010
1000010010110110
1000000000000000
1000010011010010
1001001011001111
1010100011101110
1100010110001000
1110011001111101
0000100101010111
0010101110000000
0100101001101100
0110001111001101
0111010111000000
0111111011101111
0111111010101010
0111010011111000
0110001010010000
0100100011010001
0010100110100111
0000011101100011
1110010010010010
1100001111001011
1010011110000001
1001000111001101
1000010001001101
1000000000000011
1000010101000001
1001001110100001
1010101000010100
1100011011101100
1110100000000100
0000101011100101
0010110011110110
0100101110101111
0110010011000101
0111011001011010
0111111100100000
0111111001101111
0111010001010100
0110000110001111
0100011110001000
0010100000101101
0000010111010100
1110001100001100
1100001001101100
1010011001100010
1001000100000100
1000001111101001
1000000000001011
1000010110110100
1001010001111000
1010101100111101
1100100001010010
1110100110001100
0000110001110010
0010111001101011
0100110011101111
0110010110111001
0111011011110000
0111111101001100
0111111000101110
0111001110101011
0110000010001011
0100011000111100
0010011010110001
0000010001000110
1110000110001000
1100000100010000
1010010101000111
1001000000111111
1000001110001001
1000000000011000
1000011000101100
1001010101010010
1010110001101010
1100100110111010
1110101100010101
0000110111111111
0010111111011110
0100111000101100
0110011010101001
0111011110000001
0111111101110011
0111110111101001
0111001011111110
0101111110000100
0100010011101101
0010010100110100
0000001010110111
1110000000000110
1011111110110110
1010010000101111
1000111101111111
1000001100101111
1000000000101001
1000011010101001
1001011000110001
1010110110011001
1100101100100101
1110110010011111
0000111110001011
0011000101001111
0100111101100111
0110011110010101
0111100000001110
0111111110010110
0111110110011110
0111001001001100
0101111001111000
0100001110011011
0010001110110110
0000000100101000
1101111010000100
1011111001011110
1010001100011011
1000111011000011
1000001011011001
1000000001000000
1000011100101010
1001011100010011
1010111011001100
1100110010010001
1110111000101010
0001000100010111
0011001010111110
0101000010011110
0110100001111110
0111100010010110
0111111110110100
0111110101001111
0111000110010111
0101110101101001
0100001001000111
0010001000110110
1111111110011001
1101110100000100
1011110100001001
1010001000001010
1000111000001011
1000001010000111
1000000001011011
1000011110110000
1001011111111010
1011000000000010
1100110111111111
1110111110110101
0001001010100010
0011010000101011
0101000111010011
0110100101100010
0111100100011001
0111111111001100
0111110011111100
0111000011011101
0101110001010111
0100000011110001
0010000010110101
1111111000001010
1101101110000100
1011101110110110
1010000011111101
1000110101010111
1000001000111011
1000000001111011
1000100000111010
1001100011100100
1011000100111011
1100111101101111
1111000101000001
0001010000101100
0011010110010111
0101001100000100
0110101001000011
0111100110011000
0111111111100000
0111110010100011
0111000000011110
0101101101000001
0011111110011000
0001111100110011
1111110001111011
1101101000000111
1011101001100110
1001111111110100
1000110010101000
1000000111110011
1000000010100000
1000100011001001
1001100111010010
1011001001110111
