0.000000000000000
0.409938587340741
0.798698064105295
1.146391679022084
1.435632551898754
1.652577214007101
1.787737110808490
1.836505639382703
1.799367448022705
1.681778093464305
1.493724278617127
1.248996276236300
0.964223329502989
0.657738507857432
0.348350624409772
0.054106640803363
-0.208871889345867
-0.427400352940379
-0.592023464633033
-0.697536796697572
-0.743204629546099
-0.732662371411848
-0.673513598305267
-0.576652803255428
-0.455363774377216
-0.324258854627355
-0.198135123540941
-0.090829046970165
-0.014150992249360
0.023024780766076
0.015450064391771
-0.038076510625339
-0.134588045120825
-0.267136501078364
-0.425275949354244
-0.595808692475373
-0.763742496307034
-0.913392199445976
-1.029548598212578
-1.098632448912749
-1.109752043899781
-1.055589071023816
-0.933048937337049
-0.743627648896566
-0.493466605211672
-0.193087973981802
0.143174797517424
0.498015802297967
0.852210669717883
1.185816591152026
1.479438900448147
1.715479783722909
1.879285467835344
1.960114694268701
1.951862994491659
1.853493454831029
1.669144199219732
1.407904402298573
1.083272808670411
0.712333971990267
0.314706297999394
-0.088668802423296
-0.476816803171086
-0.830014002501925
-1.130981113599784
-1.365908397821785
-1.525245785773552
-1.604207456663814
-1.602959748370260
-1.526482724897999
-1.384117771377712
-1.188834717723759
-0.956270772785256
-0.703608705637869
-0.448372213138860
-0.207221555747352
0.005168013041306
0.177068704116850
0.300438635539739
0.371387196113236
0.390337425762453
0.361876671189165
0.294308481775927
0.198939467489692
0.089153220208676
-0.020661860673215
-0.116253910676707
-0.184636440992154
-0.215123935303785
-0.200199992258372
-0.136155488984193
-0.023450276139592
0.133228804671666
0.325219592109539
0.540430319906082
0.764143108742732
0.980020804068017
1.171248275887759
1.321729556656838
1.417257845157176
1.446576757207991
1.402258177140681
1.281334190757626
1.085637040883652
0.821820722730364
0.501059388758880
0.138439692172367
-0.247914934367460
-0.637931718801811
-1.010816786824907
-1.346343471770805
-1.626115617810391
-1.834722193105471
-1.960706588453463
-1.997286224305309
-1.942774696742946
-1.800678535630101
-1.579462379700985
-1.291998519083585
-0.954737812808787
-0.586657528800919
-0.208056420126077
0.160722655081992
0.500557714896106
0.794716580990141
1.029852954730609
1.196764884096821
1.290867256409180
1.312349573297510
1.266011770645798
1.160792766558830
1.009027257388141
0.825484614123628
0.626258310668153
0.427584151676215
0.244669996674163
0.090618406150206
-0.024483237776309
-0.094242576613094
-0.116365807580317
-0.092758064838859
-0.029315072208633
0.064577898063119
0.176803251388826
0.293470046924493
0.400006147346965
0.482305584153614
0.527849206091585
0.526718388142949
0.472428858062526
0.362524049569518
0.198883969788099
-0.012274763739805
-0.260710654481645
-0.532762090139025
-0.812205949194406
-1.081313041786137
-1.322029416316474
-1.517203430853539
-1.651774820012834
-1.713844046840990
-1.695547886761455
-1.593679935120206
-1.410011701021837
-1.151289997788090
-0.828908102845444
-0.458270156963002
-0.057889006861713
0.351724246516040
0.749306580797433
1.114143574954216
1.427338660727099
1.672967638034165
1.839042619943509
1.918222319571602
1.908222589117032
1.811901215320282
1.637012800582254
1.395651632070128
1.103421263551949
0.778387693754342
0.439887290595930
0.107270019003448
-0.201337550458851
-0.470166800829021
-0.686763980180184
-0.842706776447160
-0.934034619383295
-0.961366598329986
-0.929702419986570
-0.847923599278435
-0.728032587430088
-0.584185391077470
-0.431587205264760
-0.285329719366811
-0.159252438656063
-0.064908350361293
-0.010706697891429
-0.001293037745473
-0.037210012601302
-0.114862538136345
-0.226789732686990
-0.362224392255277
-0.507900613768688
-0.649052690938397
-0.770534856835362
-0.857982763086559
-0.898934371045860
-0.883830413542837
-0.806822603657467
-0.666330775893548
-0.465307258369811
-0.211186822809153
0.084477829892938
0.406673397760698
0.737834182047762
1.058941743700975
1.350743105128037
1.595006042705677
1.775726997625114
1.880209862137639
1.899942199975643
1.831208777842138
1.675399720514877
1.438990974619645
1.133196693503147
0.773315148866885
0.377810339493961
-0.032810794296841
-0.437251935673475
-0.814729378390841
-1.146236893009116
-1.415690515798209
-1.610878484477144
-1.724154760658714
-1.752831928164979
-1.699249556650820
-1.570515988405262
-1.377943454231422
-1.136216959299430
-0.862355107030894
-0.574534746660255
-0.290860111391949
-0.028160370446429
0.199102960681595
0.379745339929093
0.506524861186920
0.576520987124060
0.591203103291278
0.556187197890756
0.480700572694621
0.376794655444582
0.258363328695886
0.140037525262554
0.036035253133231
-0.040950871425657
-0.080749281332460
-0.076517281407027
-0.025303212718118
0.071677648863521
0.209074023865012
0.377735465187371
0.565332721052584
0.757219310120557
0.937474949171733
1.090058499686728
1.199990096141675
1.254479645116168
1.243922120516308
1.162688814808905
1.009657350177275
0.788440880648761
0.507297326097498
0.178721279068238
-0.181257073852363
-0.554021557389073
-0.919506525724389
-1.257445663300456
-1.548650456690589
-1.776233332174689
-1.926693819621359
-1.990795008279577
-1.964171405484880
-1.847627159261704
-1.647104251096823
-1.373322305542654
-1.041113603111428
-0.668497233075735
-0.275553702444447
0.116825451890331
0.488230314653610
0.819982184252950
1.096257959026970
1.305015891986466
1.438662952856927
1.494421707925081
1.474375098159312
1.385189365795165
1.237537156575063
1.045263024697662
0.824350815363041
0.591765524103277
0.364250344740501
0.157162174602053
-0.016574316772571
-0.147322602287435
-0.229342281561969
-0.261108708133881
-0.245324059224500
-0.188621218052146
-0.100983266764063
0.005078801592598
0.115530714485276
0.215929767143807
0.292570080419311
0.333576327091821
0.329867535746243
0.275921577280760
0.170284761785258
0.015788672956395
-0.180543273519302
-0.407895442552132
-0.652340268175588
-0.897754035252118
-1.126906344175026
-1.322649030660863
-1.469122966512948
-1.552899407512007
-1.563976513989637
-1.496561089101625
-1.349579826034026
-1.126882463870849
-0.837119992740653
-0.493303010781538
-0.112067021977688
0.287308604254442
0.684064474725504
1.057231727625678
1.386925787760298
1.655578018789820
1.849023942779248
1.957376168231020
1.975624495955362
1.903923886465394
1.747551837166285
1.516538816111864
1.224997231428376
0.890194500145502
0.531432755298207
0.168810446509221
-0.178051311504044
-0.491232814882554
-0.755609221307016
-0.959741587328888
-1.096507808616211
-1.163433755575514
-1.162705510817418
-1.100865454032181
-0.988216509347820
-0.837978695783850
-0.665258849768385
-0.485906880303347
-0.315339324210635
-0.167412792332052
-0.053426022270767
0.018680045067166
0.044868821670709
0.025263792263632
-0.035903631639609
-0.130649558719357
-0.247870542029485
-0.374208698594160
-0.495087427995388
-0.595844088152796
-0.662879043057574
-0.684739137847247
-0.653057979762516
-0.563285117148749
-0.415150650059210
-0.212829987158220
0.035205861250175
0.316647313346627
0.616082095247405
0.915962047229087
1.197736708942605
1.443077653922757
1.635110828812661
1.759573075829750
1.805813663855381
1.767571718528911
1.643475248533148
1.437226012797824
1.157455504029444
0.817259409473197
0.433439548548282
0.025502006664669
-0.385523357362891
-0.778364777312483
-1.132807695806196
-1.430925811452300
-1.658163297481602
-1.804197438845585
-1.863525706900436
-1.835739823782499
-1.725470401688312
-1.542007845165208
-1.298626874877333
-1.011661797400823
-0.699396166713521
-0.380842640965153
-0.074495813352965
0.202857876493642
0.437193443232043
0.618093974612022
0.739335220282157
0.799171076538832
0.800303636887423
0.749543266447666
0.657185495188089
0.536150947919489
0.400950707913280
0.266551339755973
0.147220468911659
0.055434878366662
0.000928470051683
-0.010052526275949
0.024765659472238
0.103494032909812
0.220198826096430
0.365319968031275
0.526361118293207
0.688803232080507
0.837177814602378
0.956224611010085
1.032052256701762
1.053219817690961
1.011662231471375
0.903393075389286
0.728933135268419
0.493431896817417
0.206470062705623
-0.118446925671331
-0.464673108742770
-0.813433505413318
-1.144996586475077
-1.439930062182040
-1.680356213421363
-1.851122570451774
-1.940809039746069
-1.942503246983506
-1.854291184746116
-1.679429191032360
-1.426184555958056
-1.107354215733287
-0.739492540537589
-0.341898692886370
0.064569896744103
0.458779810735489
0.820615251430433
1.132197941822549
1.378953423214231
1.550454374384543
1.640986762932966
1.649803453117886
1.581051051891850
1.443377833540804
1.249252040916883
1.014039257873182
0.754903565620967
0.489608750016467
0.235302138166611
0.007364291423815
-0.181597264247639
-0.322542472830540
-0.410528548034121
-0.444940913642431
-0.429411930293962
-0.371435782932851
-0.281708994397196
-0.173245034723456
-0.060327107210054
0.042625660572802
0.122197474217203
0.167039146834377
0.168779324902549
0.122718246299921
0.028253803430616
-0.110991623937034
-0.287354197752623
-0.489610468583805
-0.703726042394841
-0.913820282587610
-1.103280940664876
-1.255951812172990
-1.357310994195612
-1.395557466259739
-1.362529529468161
-1.254389731752313
-1.072026530741223
-0.821142038965818
-0.512016459170622
-0.158961800483293
0.220501331827962
0.606691108622511
0.978967804052900
1.317014015670702
1.602107195490369
1.818300108395901
1.953430744938888
1.999894443004185
1.955126758901426
1.821764904129544
1.607477022265005
1.324470765168015
0.988714033466646
0.618919920730975
0.235363543823223
-0.141390505508193
-0.491765636586808
-0.798371214414477
-1.047042256856301
-1.227653164627110
-1.334653355112688
-1.367291737610364
-1.329518214442808
-1.229572366851904
-1.079290685945780
-0.893182691254835
-0.687341750159681
-0.478267319885653
-0.281680942718960
-0.111418261125801
0.021526401864517
0.109737327002396
0.149846444079770
0.142702920813717
0.093233080486864
0.010002103134564
-0.095490191681452
-0.209728601741095
-0.318250921798353
-0.406789069942801
-0.462401425901766
-0.474515345246380
-0.435804937935775
-0.342840531275069
-0.196461999487553
-0.001847253057299
0.231731671753553
0.491450752775865
0.761739362816185
1.025295431110141
1.264242073091682
1.461347172192930
1.601222551272433
1.671420226931844
1.663349751216658
1.572952378608285
1.401083960590055
1.153577970251854
0.840981570969154
0.477979702866750
0.082543266325009
-0.325143805347803
-0.723908748348441
-1.092885263188987
-1.412794776628623
-1.667129347369104
-1.843158387224669
-1.932693118674324
-1.932558896119205
-1.844745081385671
-1.676223755215460
-1.438450699137903
-1.146583292081284
-0.818468794241404
-0.473471661198970
-0.131219018414756
0.189651475485087
0.472657776180621
0.704476312073485
0.875715786545229
0.981412124453132
1.021214066303030
0.999250226319099
0.923690291579766
0.806033951263849
0.660179677408332
0.501340365637326
0.344883071515867
0.205174951488300
0.094516710651006
0.022238436797569
-0.005978889353768
0.011491129797095
0.072115971898545
0.169407977362240
0.293421612846085
0.431508975064895
0.569280131751903
0.691700426740089
0.784247099562601
0.834043164847976
0.830887772418503
0.768109144504305
0.643178196170282
0.458037270174621
0.219117942191698
-0.062956759986965
-0.373968594950440
-0.696960988695529
-1.013300575497771
-1.303873018399681
-1.550333095605183
-1.736324838939207
-1.848589042244311
-1.877882628144920
-1.819646692625875
-1.674376707017078
-1.447668218580251
-1.149933106820849
-0.795803548197994
-0.403261815458366
0.007447536652798
0.415051923125436
0.798550412922597
1.138493475818287
1.418158816861813
1.624546382176955
1.749127860447173
1.788302592543777
1.743531607143314
1.621143174210801
1.431825335917664
1.189841835337826
0.912026293399704
0.616624134373431
0.322061639224966
0.045725950823505
-0.197161426507960
