0.000000000000000
0.436573971689529
0.845829213622687
1.202519988401225
1.485378172086182
1.678695086073551
1.773452865493232
1.767914995369228
1.667630404604626
1.484853991245384
1.237434622527719
0.947265499862922
0.638427654554316
0.335182263833017
0.059979383266595
-0.168351397236858
-0.336078759908665
-0.435594668613392
-0.465903754225869
-0.432539535179829
-0.346918278180708
-0.225188660501003
-0.086677798464745
0.047931891416952
0.158537967426127
0.227499001288270
0.241299669994238
0.191856463032198
0.077350919292285
-0.097482803386953
-0.321643138853646
-0.578697797062390
-0.848103918762229
-1.106902636514001
-1.331646999185413
-1.500402006641075
-1.594648763750049
-1.600932077095144
-1.512111588840942
-1.328109050326364
-1.056085881876778
-0.710032287707294
-0.309797970552617
0.120359145367727
0.553589688231662
0.962488150123991
1.321181477262456
1.607301074484804
1.803677836338377
1.899622590713734
1.891688517560496
1.783854840723309
1.587118828253309
1.318531902411339
0.999761397045374
0.655298403062400
0.310460979537536
-0.010641613308324
-0.287015434136763
-0.502402348185726
-0.646482175611225
-0.715559652507781
-0.712682823103442
-0.647187315289536
-0.533709149634809
-0.390753263305394
-0.238942072445472
-0.099095046730473
0.009695796111233
0.071829509643739
0.076647801550998
0.019449956988175
-0.098016507573225
-0.267632675237255
-0.475547704495001
-0.703328423321238
-0.929523194883515
-1.131508889236637
-1.287465443669732
-1.378311159839191
-1.389434530569438
-1.312074806826889
-1.144232347852343
-0.891028648263244
-0.564481569994125
-0.182709920478889
0.231370943389102
0.651758310731219
1.051338033217042
1.403966606074419
1.686489686096341
1.880532228448029
1.973914012642460
1.961575054506755
1.845935711898826
1.636662834894342
1.349862214300069
1.006764777440058
0.632015542012392
0.251706812706168
-0.108682204891652
-0.426270005443885
-0.682519122540812
-0.864602112534439
-0.966277257728167
-0.988205315522398
-0.937685526098646
-0.827837690361114
-0.676303381071109
-0.503579390902540
-0.331127010161919
-0.179419122946989
-0.066091884620763
-0.004358506495791
-0.001820208469816
-0.059775596363193
-0.173087415545866
-0.330618374780532
-0.516199487002211
-0.710049182894463
-0.890523109163254
-1.036046244619395
-1.127063130399212
-1.147839952441124
-1.087964119031335
-0.943411860271327
-0.717090170139202
-0.418803132496325
-0.064640672632582
0.324163951411286
0.722817090849743
1.104860222759874
1.444223730002800
1.717270977044593
1.904665005089754
1.992904395288847
1.975401834029800
1.853016420455093
1.633995666616591
1.333331720549429
0.971584551217282
0.573268661793015
0.164935699496730
-0.226889868983694
-0.577753105284430
-0.867122344202295
-1.079903820566783
-1.207495246657552
-1.248295071384566
-1.207629661763012
-1.097109201207960
-0.933470644116263
-0.737008635093421
-0.529729344969825
-0.333384859599319
-0.167555197290012
-0.047940450423438
0.014992657348614
0.016895799673980
-0.040118501286646
-0.147705129051331
-0.292065086995456
-0.455207771443414
-0.616588876873744
-0.754984051595953
-0.850438220376132
-0.886123740465725
-0.849947832887732
-0.735770431761911
-0.544125997475480
-0.282384241475527
0.035668345812493
0.390795709448482
0.759751610259233
1.117074771870794
1.437093207214014
1.695973115386887
1.873643402008988
1.955436598860616
1.933309944824341
1.806544736152742
1.581864907771385
1.272963606099636
0.899475281815541
0.485476510549145
0.057637539991541
-0.356824763335824
-0.732225718919711
-1.046354205302734
-1.282119111844084
-1.428768120601936
-1.482581788858097
-1.446989616940096
-1.332102846725832
-1.153707134520676
-0.931802942973595
-0.688818776380791
-0.447649139884195
-0.229683114049625
-0.052989546268433
0.069188924443610
0.129507305027154
0.127066453301283
0.067393753931991
-0.038139966562042
-0.173415817326329
-0.319079706027677
-0.454342534984844
-0.558913190278229
-0.614898397724699
-0.608506093840290
-0.531405283615706
-0.381624068755970
-0.163906231544675
0.110507784534511
0.424661247584963
0.757161302843415
1.083855118434325
1.379764546196090
1.621119603003827
1.787322142835436
1.862676210709163
1.837740335065494
1.710187874380527
1.485101925833822
1.174677871119080
0.797355502798776
0.376449776411626
-0.061609352684553
-0.489285271282288
-0.880028038750264
-1.210282587236075
-1.461248844985476
-1.620251508074434
-1.681609632350490
-1.646937732114308
-1.524857193759444
-1.330145613915532
-1.082398087074935
-0.804314632781075
-0.519758526334577
-0.251748741018396
-0.020554499392737
0.157949317471144
0.273529651994620
0.322343244705950
0.307125066282387
0.236804493721568
0.125584832013097
-0.008432956859027
-0.144963039573782
-0.263436378265934
-0.344927723968102
-0.373942228812959
-0.339907763979587
-0.238243786833002
-0.070913247118933
0.153592425056502
0.420837393435015
0.711548626101230
1.003156016964546
1.271638377641104
1.493522017731339
1.647865171423498
1.718061990128232
1.693314182331262
1.569645459761133
1.350371497337574
1.045983011755313
0.673448073425757
0.254987848961405
-0.183576379642386
-0.614771495431740
-1.011558162837955
-1.349384360525673
-1.608039996289306
-1.773162181456437
-1.837269615042832
-1.800243457107263
-1.669217814209285
-1.457891708268582
-1.185322094895678
-0.874300169259545
-0.549447298208987
-0.235189614702212
0.046220274595131
0.276470655302406
0.442601618354589
0.537944386724855
0.562513869646783
0.522825410164779
0.431155183136127
0.304310472366322
0.162017194159546
0.025064099755284
-0.086636599340794
-0.155905577370723
-0.169910264326019
-0.121397368180346
-0.009437444571117
0.160383836877709
0.376346296278209
0.621517890026828
0.875143625422991
1.114385320299451
1.316266762971885
1.459660956596014
1.527151920119769
1.506613333106068
1.392369349145417
1.185837252296600
0.895594436667069
0.536859886576928
0.130428948907577
-0.298854333387720
-0.723964511019489
-1.117750427487421
-1.455012236336400
-1.714430618016433
-1.880191075629712
-1.943171217609605
-1.901594914740365
-1.761101155837644
-1.534223664808667
-1.239325867668692
-0.899080574315480
-0.538621043108692
-0.183516827557053
0.142258252544535
0.418198667087147
0.628826826772773
0.764813060601784
0.823566321855055
0.809250588695550
0.732230152494684
0.607994843191358
0.455659725991518
0.296169284616164
0.150360621170669
0.037051707907189
-0.028681733050621
-0.036893355798460
0.016301447378421
0.128328135849904
0.290325417797131
0.487874028966627
0.702221285189709
0.911898674621916
1.094596220047760
1.229135213583582
1.297372069350969
1.285871208499015
1.187203666966635
1.000758943200378
0.732997915964160
0.397121102334210
0.012175219920014
-0.398332098399566
-0.808198429404035
-1.190530520875262
-1.519822931258651
-1.773941565188153
-1.935849790650357
-1.994935771477773
-1.947832339524344
-1.798662448084373
-1.558690522930875
-1.245408927466490
-0.881135216279316
-0.491236003283478
-0.102123779333199
0.260808652858428
0.575146818236227
0.823146401740397
0.993021086954676
1.079723273289992
1.085157114546043
1.017810843865300
0.891843852371326
0.725709420337658
0.540432568671824
0.357690988495857
0.197863045409569
0.078209112420708
0.011340784220401
0.004107855645979
0.056997383458182
0.164095678501220
0.313616341638118
0.488949464546143
0.670142890072406
0.835689676018375
0.964469715468971
1.037680037569315
1.040588779198537
0.963962152255249
0.805040745046684
0.567978940222016
0.263705983037358
-0.090784443014743
-0.473661417330578
-0.859902649725363
-1.223225603460163
-1.538146212045475
-1.781996362134269
-1.936734177872484
-1.990397808286547
-1.938082511308305
-1.782359931738993
-1.533104336190842
-1.206739381688753
-0.824966695721340
-0.413080166085376
0.001996165680596
0.393786168528057
0.738285981195017
1.015769861046417
1.212231240821322
1.320343349014727
1.339863937825797
1.277455043798712
1.145937407882451
0.963046139724163
0.749795509663247
0.528592950091344
0.321262766672546
0.147147006070015
0.021443833744036
-0.046076749723708
-0.051872252549850
0.001124283765394
0.103827202333511
0.241863343416038
0.396904674687347
0.548354125246029
0.675240288325194
0.758158771753144
0.781093728348108
0.732962853287313
0.608752083128177
0.410140458427244
0.145558261146184
-0.170330954262022
-0.517685422757065
-0.872993077246705
-1.210909772092158
-1.506277160425626
-1.736153952101484
-1.881692502295094
-1.929704902604041
-1.873787962136044
-1.714912585892348
-1.461427081590731
-1.128472193335547
-0.736854155603462
-0.311466748215991
0.120609506655728
0.532176322847117
0.897986405592421
1.196643833725081
1.412182104414338
1.535192812385696
1.563415372068994
1.501743003432676
1.361648652364582
1.160082564827250
0.917936876851022
0.658208185833923
0.404013671837774
0.176627899974450
-0.006294993837314
-0.132165232641900
-0.194447546716697
-0.193116244957928
-0.134539273272896
-0.030803637190852
0.101458215946388
0.242639293228935
0.371990886543120
0.469559808589280
0.518063579899747
0.504542194181207
0.421643757301283
0.268431989964840
0.050643739381904
-0.219629097711552
-0.524810350086209
-0.843193494205963
-1.150668248639869
-1.422677608943096
-1.636243168285859
-1.771890159365170
-1.815311308057004
-1.758629685967646
-1.601153541946980
-1.349557858882092
-1.017474648611459
-0.624522830985671
-0.194854877034526
0.244662628057913
0.666487058841999
1.044490940514657
1.355936377129375
1.583172556503709
1.714919158390320
1.747032831074807
1.682696729336979
1.532020854681750
1.311089629097196
1.040538711669588
0.743781740035022
0.445036230734165
0.167313935107907
-0.069456804847498
-0.250020894540168
-0.364967440360565
-0.411386376595317
-0.392958877083986
-0.319477482870212
-0.205839957308239
-0.070605194838972
0.065763650348256
0.182817367090928
0.262035246550544
0.288571383966454
0.252682325310934
0.150712542395233
-0.014448485466324
-0.233479220190018
-0.491302539675963
-0.768271569275927
-1.041767506692362
-1.288076976347523
-1.484392389180048
-1.610767790070434
-1.651865682274505
-1.598347091411538
-1.447786285467608
-1.205030681726772
-0.881972293155252
-0.496745780396468
-0.072415722647021
0.364741861934955
0.787224965048492
1.168396956892008
1.484513898612754
1.716522984845138
1.851486126966063
1.883513608558122
1.814133188345633
1.652066625615220
1.412434479529399
1.115457118784993
0.784761254501761
0.445433537352998
0.121983164540079
-0.163617664439899
-0.393653781787252
-0.556006547199094
-0.645004129373186
-0.661715252384622
-0.613665979572206
-0.514007613407184
-0.380209849666038
-0.232393086322004
-0.091443928524159
0.022924066529949
0.093997998230124
0.109624814515104
0.063368140676591
-0.044837105931352
-0.208589657589428
-0.415496378011848
-0.648178028867498
-0.885722990244207
-1.105467473175980
-1.284952776557423
-1.403894653952985
-1.445998177367174
-1.400463770372744
-1.263055320169452
-1.036637372105509
-0.731132357427299
-0.362896944165210
0.046435081523985
0.471551531415165
0.885373355836152
1.261123981735977
1.574388008820768
1.804991379609759
1.938549623229191
1.967557985522462
1.891934938489444
1.718975576449079
1.462720009731550
1.142790015477604
0.782790894185561
0.408411077660575
0.045376582358795
-0.282571132575773
-0.555507903557240
-0.758820556271410
-0.884240691683785
-0.930336484289068
-0.902425953588465
-0.811923658995491
-0.675180152154588
-0.511915840175682
-0.343384635143886
-0.190425076570762
-0.071565656682367
-0.001346106418633
0.011002161847002
-0.037596151650070
-0.143756760951958
-0.297903051275077
-0.485082096510559
-0.686260916241482
-0.879993630620542
-1.044318507456836
-1.158724048611432
-1.206016904649769
-1.173932082168953
-1.056346988221945
-0.853993590365686
-0.574604633248479
-0.232476969589858
0.152516296772572
0.556387056705124
0.952849320243066
1.315344709091756
1.619111028850746
1.843124570922160
1.971756798125202
1.996009314733926
1.914225583342853
1.732220856185335
1.462819661479880
1.124838944191398
0.741600549514637
