0.000000000000000
0.425835375026119
0.829278752730399
1.189281905036935
1.487397459141047
1.708868401149725
1.843480274641036
1.886122163717709
1.837021928174964
1.701642791649409
1.490250810194139
1.217184454976419
0.899877066255737
0.557698964633360
0.210697467642314
-0.121680804678441
-0.421800538579487
-0.674901768645021
-0.869948532072909
-1.000208571861297
-1.063529322360453
-1.062296449436207
-1.003083051593790
-0.896018760746711
-0.753926966925998
-0.591293936112719
-0.423144639900056
-0.263905926473829
-0.126337852840340
-0.020608574162628
0.046422460162654
0.071663371024976
0.055959671322770
0.003964590696814
-0.076279218971539
-0.174015187840799
-0.276655827929474
-0.370808708509020
-0.443370610434564
-0.482610032098006
-0.479158789409090
-0.426839589697482
-0.323267747054950
-0.170180870290738
0.026530683223701
0.257098841147172
0.508443092856953
0.764990210465055
1.009694429972539
1.225189557872173
1.394994571788748
1.504689742237434
1.542981451623023
1.502580671811934
1.380832041919420
1.180046865151733
0.907513016276737
0.575176389899286
0.199010656724527
-0.201886774820056
-0.606416011121384
-0.992741600459024
-1.339623386068387
-1.627724783135768
-1.840813015452321
-1.966772619658585
-1.998365585595526
-1.933688045040874
-1.776293338226116
-1.534973238868998
-1.223211626545782
-0.858346444657720
-0.460494922669586
-0.051312485988641
0.347333509894598
0.714688816975030
1.032350223171068
1.285336756519276
1.462926121042583
1.559204400282203
1.573296552923422
1.509266791981231
1.375700116658190
1.184997548271365
0.952436567326742
0.695063579582853
0.430495926361282
0.175716289680007
-0.054058015200352
-0.246354369500658
-0.392207523959952
-0.486655965745823
-0.528941285609740
-0.522400816281939
-0.474065334163654
-0.393994206482334
-0.294398604994741
-0.188618039473905
-0.090025484794081
-0.010941099253846
0.038366359834281
0.050517754822772
0.021640283059866
-0.048282629146786
-0.155354564527667
-0.292007921618524
-0.447528437969720
-0.608826353624047
-0.761400388424389
-0.890426668933135
-0.981895399518557
-1.023714088732294
-1.006697809024766
-0.925374188420250
-0.778543127170577
-0.569547770101703
-0.306232921668140
-0.000588523537039
0.331902443921710
0.673171717516808
1.003671288483511
1.303604729497469
1.554203028018781
1.738959829336082
1.844742940469272
1.862706544751600
1.788941330771312
1.624816800406023
1.376990245930124
1.057078915147402
0.681014230689007
0.268118085505194
-0.160040229617919
-0.580933253596524
-0.972427737352274
-1.314112926654553
-1.588519059953686
-1.782147681858983
-1.886247884411718
-1.897289479224816
-1.817104231991131
-1.652688296581288
-1.415681383029950
-1.121559471622599
-0.788596611664948
-0.436666261458945
-0.085962739446348
0.244272002390649
0.536932197476570
0.778065384777098
0.957657517974026
1.070137079713227
1.114568764456681
1.094528713866190
1.017675111317240
0.895048673020777
0.740155797061439
0.567901608737696
0.393449891379882
0.231091263678353
0.093199675962267
-0.010649542780342
-0.074338757745764
-0.095599017699793
-0.076106979518416
-0.021282764571564
0.060194981424869
0.157120459979970
0.256684641263491
0.345524131209469
0.410818405474436
0.441355230773105
0.428486121896384
0.366901204359346
0.255165353560345
0.095974102206233
-0.103892596648651
-0.333919445803209
-0.580487041134696
-0.827744543861835
-1.058665731776296
-1.256216969344450
-1.404557099643029
-1.490186199894479
-1.502962790846083
-1.436917290923249
-1.290802720220440
-1.068341003157530
-0.778143523058690
-0.433306472374700
-0.050703532117541
0.349980993955544
0.747417676420592
1.119921407536867
1.446781319188936
1.709544472252118
1.893169210776428
1.986972317544472
1.985307456149011
1.887929946654601
1.700023518563361
1.431886931113199
1.098300749413628
0.717615607456378
0.310621559386586
-0.100727609535904
-0.494651927705158
-0.850857716988765
-1.151740169644580
-1.383398933161565
-1.536402492118262
-1.606254260423608
-1.593533497701555
-1.503706063819988
-1.346622136960494
-1.135738843675319
-0.887123875982695
-0.618310379895508
-0.347082741313822
-0.090276753091930
0.137324218345602
0.323922884972955
0.461409800386631
0.545788162815983
0.577296223921465
0.560223145658620
0.502435590478982
0.414652459636508
0.309522623680247
0.200574020313512
0.101111200444963
0.023141690472849
-0.023590810580644
-0.032396195236416
-0.000193200502611
0.072210563386962
0.180134900292139
0.315339605213971
0.466612157982212
0.620589656434596
0.762757223313000
0.878552227490512
0.954495666601003
0.979269532629837
0.944662115962666
0.846311798044133
0.684193362438061
0.462808305024366
0.191060856958888
-0.118176934925527
-0.448786179937380
-0.782363298670609
-1.099361459421089
-1.380336486299529
-1.607214548608800
-1.764496646533964
-1.840318379455387
-1.827292506556057
-1.723075791997151
-1.530619636629261
-1.258084826636354
-0.918422974127614
-0.528649384090159
-0.108852658175810
0.318996054311660
0.732357816797569
1.109479984732862
1.430702208013290
1.679630090398710
1.844100992819577
1.916880253356661
1.896043984402633
1.785025388742665
1.592323807694016
1.330897973175101
1.017285681510141
0.670509944518350
0.310845407115754
-0.041472464936685
-0.367509800985579
-0.650785379848933
-0.878235599446495
-1.040931880662958
-1.134506346220548
-1.159261820988715
-1.119963900320613
-1.025334540126269
-0.887286852552431
-0.719958165548784
-0.538611743784121
-0.358485972613859
-0.193672717324442
-0.056103806652102
0.045283636930522
0.105145401454650
0.122051365821596
0.098508922844579
0.040689120375476
-0.042122885761134
-0.138311912178502
-0.234893560768102
-0.318581387700557
-0.376882421573077
-0.399140869528290
-0.377453325968472
-0.307387668366547
-0.188451479575612
-0.024273335465515
0.177519566746883
0.405722581898470
0.646247586438693
0.883044291383885
1.099187051943050
1.278053131457668
1.404511238772189
1.466037589754025
1.453680876886403
1.362807105922479
1.193569641684060
0.951068031066109
0.645180009211608
0.290073131655913
-0.096575787704610
-0.494605297825330
-0.882573046989037
-1.239061181062839
-1.543998602859536
-1.779913620724206
-1.933034648050845
-1.994166288552782
-1.959282713124655
-1.829798728352505
-1.612500112477280
-1.319137227530322
-0.965708096152231
-0.571477564721648
-0.157796485547857
0.253202123578784
0.639945117088079
0.982712445445355
1.264798187152267
1.473465206394827
1.600633378014738
1.643259408028493
1.603387093309609
1.487868992073464
1.307782415207984
1.077582911435551
0.814055638579246
0.535138031399893
0.258695125494989
0.001331256660072
-0.222681511004868
-0.402286712302675
-0.530280727680759
-0.603663678367596
-0.623683925791516
-0.595577618929799
-0.528025996906841
-0.432372727749126
-0.321660101164630
-0.209555258777431
-0.109244994159713
-0.032379489330338
0.011858442545918
0.017491194408169
-0.017762258843085
-0.092277366030292
-0.200613164010523
-0.333894113912992
-0.480458217071928
-0.626725926100868
-0.758228418116950
-0.860722107259873
-0.921309664132046
-0.929486752632166
-0.878038279280415
-0.763717876759021
-0.587658943162452
-0.355483838913138
-0.077098556120809
0.233818098517110
0.560600518631867
0.884607916921495
1.186395924722187
1.446970910052527
1.649043317745655
1.778195568444316
1.823885029323774
1.780212972249808
1.646405577526458
1.426971911652132
1.131525137701725
0.774275569212056
0.373226042678853
-0.050880019546719
-0.475790903230202
-0.879080160127564
-1.239495462320741
-1.538235645707585
-1.760073510670015
-1.894252125233384
-1.935097369447415
-1.882308257477294
-1.740907907081336
-1.520860455071527
-1.236381229468705
-0.904987601872024
-0.546354805366816
-0.181053485008966
0.170746980366247
0.490523759187061
0.762513010285897
0.974617699593371
1.119053445056885
1.192693278115258
1.197092977979618
1.138200511526589
1.025774599417358
0.872557061433310
0.693260035238937
0.503441299254338
0.318347946462695
0.151810089612554
0.015262051743516
-0.083041079123537
-0.138557897005508
-0.150710407769774
-0.122833658240923
-0.061831221504804
0.022436641949311
0.117986390548696
0.211704721066060
0.290429377607792
0.342038175317172
0.356466466055228
0.326578180373523
0.248825756041149
0.123649007595083
-0.044418713317964
-0.246948134517256
-0.472105078501244
-0.705403674364692
-0.930671808839275
-1.131163477281958
-1.290741764314379
-1.395050475650905
-1.432592372444154
-1.395637555668389
-1.280896449933698
-1.089907317855650
-0.829107255872185
-0.509576893170106
-0.146471092577445
0.241830667696474
0.634801329655193
1.011002057222300
1.349396959832466
1.630661032107890
1.838395487630322
1.960170318158578
1.988324964775217
1.920473709373484
1.759681731045756
1.514299423535877
1.197465080184158
0.826307905910695
0.420903039938902
0.003046540397224
-0.405070000817619
-0.782199162390051
-1.109305042701478
-1.370676746322297
-1.554817098948149
-1.655050984577697
-1.669816660845474
-1.602624738722394
-1.461691761924515
-1.259276980707642
-1.010770519223574
-0.733597363563949
-0.446013360532361
-0.165875933663713
0.090526928453811
0.309510709354026
0.480822923205605
0.598212512911290
0.659704817353752
0.667567558891359
0.627974900119166
0.550397602693141
0.446766245869377
0.330470028342119
0.215264817876845
0.114170069897476
0.038434608099054
-0.003353967247193
-0.005951932289528
0.032115208029109
0.108415629596251
0.216772751324726
0.347714530532179
0.489179005507054
0.627426207721567
0.748091632015250
0.837306020866734
0.882801023217429
0.874920703078155
0.807464885364049
0.678301536702752
0.489701028587339
0.248364152726310
-0.034863147559172
-0.345573647696200
-0.666645782972448
-0.979299588268812
-1.264292614552597
-1.503176482945345
-1.679529778829508
-1.780083750936224
-1.795663735403241
-1.721880955303340
-1.559525574022951
-1.314631519582391
-0.998205325234945
-0.625633583179140
-0.215805071453974
0.209997264761897
0.629363814230355
1.020103828944884
1.361582162496794
1.635960827202046
1.829265177764283
1.932206081309790
1.940705561750819
1.856093022971604
1.684960936882403
1.438691359810384
1.132686299041727
0.785354332849166
0.416921690553285
0.048147167221833
-0.300973960086740
-0.612431805407009
-0.871270018063293
-1.066431697317812
-1.191330153237094
-1.244110648739504
-1.227590489213965
-1.148886774641417
-1.018762294736667
-0.850738987825165
-0.660043812709887
-0.462462757305726
-0.273184300812879
-0.105713594324158
0.029067046840998
0.123626625801891
0.174253528261079
0.181232461312085
0.148720310949643
0.084332334327311
-0.001529387860405
-0.096555089356771
-0.187549221577890
-0.261520187244005
-0.306758126874797
-0.313821741994594
-0.276361453793179
-0.191717629799136
-0.061248374960396
0.109639611609676
0.311762681388052
0.532718540896511
0.757694972356302
0.970474750517820
1.154568237770661
1.294395523090529
1.376435717705867
1.390262446627912
1.329391605718116
1.191879628845426
0.980627014614624
0.703361583641827
0.372297538488470
0.003488409898429
-0.384087106362357
-0.769649018714953
-1.131877596537347
-1.450230772199840
-1.706231196995403
-1.884638197560830
-1.974427023828794
-1.969510162052480
-1.869152282204337
-1.678050472698836
-1.406073437317922
-1.067675807236667
-0.681025141108128
-0.266898105290022
0.152582529334456
0.555288085946479
0.920414522260250
1.229717401087351
1.468572055969548
1.626791667944405
1.699152377497181
1.685594302356031
1.591089074268735
1.425186770704775
1.201276392807155
0.935612891656010
0.646178902133702
0.351459793114805
0.069215693403898
-0.184666516182568
-0.397164572715516
-0.558890403207684
-0.664588634728458
-0.713333950203093
-0.708418316033222
-0.656940713719951
-0.569132612158540
-0.457470603474973
-0.335642145945740
-0.217440220343135
-0.115667241406721
-0.041127472917819
-0.001780560689043
-0.002117092742395
-0.042801139916949
-0.120605636186640
-0.228645555579487
-0.356892586096391
-0.492934869400119
-0.622927770020710
-0.732667787321177
-0.808712596920995
-0.839466449696337
-0.816152039845993
