0.000000000000000
0.401673925791304
0.785508862103583
1.134535423731539
1.433478315739865
1.669493011423531
1.832776656150376
1.917021990517217
1.919691510705337
1.842098711423291
1.689293560090870
1.469759766494205
1.194941371605282
0.878625140657953
0.536212723359386
0.183922135903508
-0.162038471891565
-0.486280751150839
-0.774987130794634
-1.016563846404259
-1.202162799463013
-1.326046562224474
-1.385779720855324
-1.382239467257429
-1.319448363673094
-1.204241955638723
-1.045792857347088
-0.855020585884491
-0.643922359023354
-0.424863975329798
-0.209871561084938
-0.009964318492893
0.165434502891551
0.308976184166678
0.415729216707496
0.483368803515129
0.512204985336690
0.505050669393513
0.466940161952841
0.404717445446700
0.326520904703601
0.241197072065548
0.157679897147963
0.084373834263494
0.028578582915469
-0.004009353261930
-0.009687847105078
0.012990873751063
0.063107493707714
0.137417324549408
0.230544404510107
0.335316756255966
0.443223057993643
0.544963594725819
0.631062533743882
0.692504651305098
0.721357859127871
0.711343350957084
0.658317893619560
0.560637578561343
0.419378963882547
0.238401603360328
0.024245023549856
-0.214137240338954
-0.465794447469086
-0.718325299563780
-0.958525660023583
-1.173102350486910
-1.349413737514917
-1.476195710913053
-1.544231862101046
-1.546929201405729
-1.480765481979745
-1.345580875907762
-1.144695015017791
-0.884839814217955
-0.575908522182100
-0.230531539041668
0.136500856857996
0.508940156511911
0.869869859358990
1.202543362313222
1.491225600170847
1.721993957629520
1.883455810613368
1.967344220144498
1.968959576254172
1.887433036108116
1.725796984882667
1.490857960675720
1.192877970113277
0.845080307799149
0.463005324660569
0.063749558433544
-0.334872190407171
-0.715198217720383
-1.060579406196333
-1.356182301017440
-1.589694378036281
-1.751895485160043
-1.837066732443971
-1.843216919434209
-1.772116433747943
-1.629138891370975
-1.422921049836410
-1.164861149414668
-0.868484300783982
-0.548710382391195
-0.221064770043749
0.099125160359992
0.397504569093623
0.661395662901389
0.880395474168832
1.046836543878019
1.156088098139840
1.206684424193617
1.200276913036975
1.141416092871872
1.037179378389762
0.896668682054049
0.730409009132899
0.549684306076972
0.365849874521533
0.189661443370752
0.030659480250473
-0.103356378040572
-0.206733564126143
-0.276231574426229
-0.311132309459348
-0.313191565202164
-0.286436875225118
-0.236825937055437
-0.171788010798163
-0.099677486742392
-0.029173892770390
0.031334336851926
0.074344154708271
0.093773466021122
0.085404724623440
0.047208817782860
-0.020471364570094
-0.114889920029605
-0.231022625392395
-0.361841154754499
-0.498721655301282
-0.631964363287398
-0.751394112965780
-0.847006480394562
-0.909621214803434
-0.931503730595414
-0.906916825578660
-0.832568388699471
-0.707926470412315
-0.535380402479587
-0.320235264743347
-0.070536421963581
0.203269436675663
0.488820878900925
0.772451414090961
1.039890420735433
1.277017834467524
1.470631544241135
1.609185140849877
1.683454715118102
1.687096770690094
1.617064826603881
1.473859645366706
1.261596835994724
0.987885368552607
0.663520760922760
0.302006797041932
-0.081070949472526
-0.468788303917541
-0.843704364190410
-1.188719518464307
-1.487924838539947
-1.727398270612268
-1.895905650046677
-1.985469450903843
-1.991775083121090
-1.914393097738725
-1.756805389690224
-1.526233869414336
-1.233280543680155
-0.891397932380492
-0.516217708037989
-0.124772891360812
0.265345534173455
0.636853410881687
0.973614496489230
1.261414263123903
1.488626669372329
1.646740150852712
1.730716848033728
1.739168222250700
1.674340196003674
1.541911240367183
1.350616854808931
1.111723093856585
0.838379689091427
0.544889467110877
0.245934846108552
-0.044196006272057
-0.312341337146962
-0.547117161914748
-0.739453699173245
-0.882989649274965
-0.974305397077650
-1.012985509710740
-1.001510634179587
-0.944988526951317
-0.850742926692064
-0.727786809659324
-0.586212809866063
-0.436537899649205
-0.289041578041919
-0.153136695228505
-0.036809671526566
0.053837603227831
0.114918212257963
0.144944791952488
0.144858830119066
0.117904550314660
0.069356502704723
0.006118665727130
-0.063779522459268
-0.131758676663207
-0.189300747556516
-0.228558157058624
-0.242922952848884
-0.227520457423262
-0.179596288963508
-0.098771874660685
0.012848695486106
0.150728858216075
0.308105888579112
0.476343105876922
0.645408976103558
0.804456387232389
0.942469142653545
1.048938348353872
1.114529122880233
1.131698077652599
1.095224312394276
1.002621130432130
0.854402062148387
0.654182742459342
0.408609279502839
0.127113470040924
-0.178494982280954
-0.494579758910318
-0.806344909404446
-1.098582847730649
-1.356463694262633
-1.566323467108145
-1.716408131572990
-1.797532399055914
-1.803616337458880
-1.732069097408623
-1.583997039166417
-1.364222833033501
-1.081112196063013
-0.746215268334692
-0.373739655492026
0.020118681097233
0.417952724776308
0.801989957681760
1.154962394147503
1.460955835006215
1.706194039885630
1.879716862007581
1.973916950004174
1.984907092835000
1.912699260830335
1.761186389271256
1.537928416102896
1.253754452101977
0.922202665729359
0.558827978717931
0.180414531081370
-0.195865283831323
-0.553300850000019
-0.876457907292776
-1.151915415236740
-1.368886969252146
-1.519695582479088
-1.600078839029080
-1.609310805392538
-1.550137133391885
-1.428529943439779
-1.253278780347244
-1.035442652575962
-0.787695423912009
-0.523602231857682
-0.256867872510904
-0.000599051012961
0.233378986894730
0.435114558539461
0.596999159809043
0.714090725124051
0.784275290249851
0.808261216211411
0.789409770068081
0.733415185967746
0.647855820391656
0.541645191263036
0.424417150665308
0.305882883388811
0.195198662347829
0.100382267131828
0.027812752821044
-0.018156963064664
-0.035452139067133
-0.024378517020366
0.012430447620386
0.070217478025620
0.142443486093684
0.221246418504360
0.297988631912305
0.363859125022753
0.410493561414810
0.430573793878257
0.418369623598793
0.370188741960063
0.284706029449114
0.163150329852091
0.009335084205582
-0.170471673418317
-0.367833008710330
-0.572570283637726
-0.773309180774756
-0.958114624499340
-1.115179072434917
-1.233525045098638
-1.303681365860750
-1.318293491991935
-1.272631495609408
-1.164964536960123
-0.996777778111200
-0.772816224893018
-0.500949488183679
-0.191861395011612
0.141421799067246
0.484141693050887
0.820525649203361
1.134575128633138
1.410882926804361
1.635435707961330
1.796358546426527
1.884560871844080
1.894248149592641
1.823270546675216
1.673288366405183
1.449743720582783
1.161638218880849
0.821126829050531
0.442947930599161
0.043718407575927
-0.358870081658036
-0.746912159561844
-1.103162478652362
-1.411876802320747
-1.659576765519351
-1.835698724410339
-1.933093293225354
-1.948350145676129
-1.881931990791397
-1.738111808658938
-1.524717894218562
-1.252701436124208
-0.935550698631547
-0.588583870663460
-0.228158866130494
0.129157529282385
0.467416982623643
0.772069850779076
1.030657758725199
1.233383121233013
1.373527273200688
1.447697425165900
1.455892219105974
1.401385690435911
1.290439386559666
1.131861699376587
0.936441626028036
0.716290732904295
0.484131708006685
0.252574302642583
0.033419565809838
-0.162968925350210
-0.328192497474558
-0.456215395871856
-0.543613098087854
-0.589659517709824
-0.596251135388827
-0.567675567818965
-0.510241047016320
-0.431791222445976
-0.341136168122683
-0.247435111843979
-0.159568946044662
-0.085540891414047
-0.031941755213236
-0.003512174151008
-0.002828295978159
-0.030129881412857
-0.083301233066817
-0.158006178042308
-0.247969077684679
-0.345385047703015
-0.441434754292419
-0.526872761405382
-0.592653814016399
-0.630558922547133
-0.633782816835878
-0.597446289388554
-0.519001043704096
-0.398500677744628
-0.238719028206603
-0.045105849681394
0.174420791837480
0.409836504736021
0.649508926676483
0.880806280763654
1.090783225361682
1.266906161690453
1.397777339573872
1.473816557880012
1.487861039853898
1.435648091261902
1.316151210817917
1.131748092085948
0.888208010722141
0.594495933120208
0.262400768271430
-0.093995046330626
-0.458978526909139
-0.815968050724701
-1.148334788354607
-1.440240620467207
-1.677448187709619
-1.848059825125148
-1.943145600026191
-1.957226324535946
-1.888584949901591
-1.739388763203603
-1.515614809782188
-1.226781412543954
-0.885498982741026
-0.506862952226833
-0.107720078120752
0.294153882934253
0.680922430604852
1.035557402770971
1.342663805208095
1.589217762462937
1.765179704356236
1.863951670644125
1.882656038349025
1.822222588725187
1.687281105876858
1.485867073646644
1.228957944520779
0.929866354361381
0.603524067416667
0.265695958744349
-0.067833316924970
-0.382056330944358
-0.663481324640199
-0.900773557414890
-1.085266808483470
-1.211319811982034
-1.276501253207046
-1.281596618995235
-1.230440134243224
-1.129584673310876
-0.987831372218659
-0.815648196471087
-0.624512527230478
-0.426216601410982
-0.232176181098217
-0.052782063336667
0.103168968078764
0.228932215890845
0.320137461456397
0.374959154140824
0.394126944459787
0.380778534942477
0.340166067909663
0.279235802504849
0.206108166892290
0.129490987887377
0.058062475202996
-0.000137841501304
-0.038272646305909
-0.051190089670034
-0.035796869871395
0.008702131017338
0.080712943999474
0.176316734375353
0.289486248347734
0.412442438544453
0.536130747540687
0.650789219469504
0.746574892906522
0.814211139868281
0.845616982959829
0.834480049812813
0.776737686511363
0.670935697494140
0.518440936781530
0.323492168268057
0.093082781837697
-0.163321419801338
-0.434216606937742
-0.706625812699991
-0.966764886378222
-1.200773886412536
-1.395474055786234
-1.539108492102108
-1.622024927662186
-1.637261671492623
-1.581002604612850
-1.452873907043033
-1.256063564956803
-0.997254203721177
-0.686369896991909
-0.336147757023777
0.038445244880771
0.420921182090587
0.794069684893457
1.140804799566087
1.445016002356902
1.692378632584158
1.871080890663914
1.972428759472793
1.991296527785126
1.926398682813207
1.780368357424898
1.559637754912866
1.274126473159010
0.936753838776714
0.562800685210940
0.169153959187465
-0.226526314803648
-0.606674174895287
-0.954673775549143
-1.255659947104232
-1.497222027794003
-1.669975119237779
-1.767970210211363
-1.788923411593650
-1.734254360988313
-1.608934147309836
-1.421153307843458
-1.181830004157216
-0.903986867921486
-0.602031769072743
-0.290982534493179
0.014321815278402
0.299980566389188
0.553720982487448
0.765481976324322
0.927861967888762
1.036409060875370
1.089740751106723
1.089490082100797
1.040084936228763
0.948376445595400
0.823140805286420
0.674485612096714
0.513196857875035
0.350065607158676
0.195234033091214
0.057598851403778
-0.055693613531599
-0.139632244066880
-0.191584689434067
-0.211387056983937
-0.201276321961407
-0.165671390659619
-0.110817706451177
-0.044318334860190
0.025418859783754
0.089783410578030
0.140576394203316
0.170598417421027
0.174174887487764
0.147585713487854
0.089372226370534
0.000501359411105
-0.115624419221459
-0.253313770453648
-0.404882752107977
-0.561084714135315
-0.711649739461568
-0.845902793056063
-0.953424732093902
-1.024717363793405
-1.051832996736079
-1.028930472113216
-0.952723409566868
-0.822792158353519
-0.641738393689980
-0.415170027989724
-0.151513630300048
0.138338669731119
0.441531326330152
0.743871443207331
1.030546297264576
1.286894268387829
1.499187607384866
1.655384242988712
1.745806967379548
1.763711800722452
1.705712941742823
1.572039165915771
1.366605433770398
1.096893335304331
0.773644283331423
0.410379513927714
0.022770396937424
-0.372109218471470
-0.756610355259635
-1.113373190087201
-1.426183296316469
-1.680775102250462
-1.865540459086581
-1.972105132746516
-1.995742967735138
-1.935606043799166
-1.794758891433694
-1.580015219690155
-1.301586073486216
-0.972558307928422
-0.608231201742432
-0.225346445905947
0.158747763689195
0.526954523718312
0.863263016053613
