0.000000000000000
0.395753591621053
0.771213021257615
1.107345799559898
1.387558831317382
1.598713934251596
1.731913913480743
1.783007518767602
1.752780676372242
1.646822646787465
1.475077763116456
1.251114651338474
0.991163874496459
0.712990480570379
0.434678911120075
0.173413399583080
-0.055663027599013
-0.240433529938067
-0.372569975640300
-0.448022080295209
-0.467201203349290
-0.434847972229747
-0.359594740370951
-0.253254932290665
-0.129890143109799
-0.004721151851895
0.107040270380497
0.191356459047930
0.236443821282339
0.233691541706190
0.178354068095175
0.069968064837607
-0.087536418986147
-0.286039659034280
-0.513738123857822
-0.755918819496159
-0.995949751891914
-1.216419042895199
-1.400344740234400
-1.532372200813593
-1.599876459232312
-1.593893189016738
-1.509813304510956
-1.347792159320731
-1.112843589145142
-0.814610407224980
-0.466824931796079
-0.086494206703139
0.307136671343453
0.693774563954043
1.053342590455445
1.367234534213080
1.619475759786057
1.797713307925950
1.893969350423900
1.905108169070235
1.832986182915691
1.684275965514771
1.469977208528553
1.204648699166384
0.905414147797545
0.590809850477431
0.279552668730602
-0.010688056467770
-0.264431613344608
-0.469363244642094
-0.617082352131866
-0.703572153124788
-0.729360620816694
-0.699363826694530
-0.622424657473227
-0.510580803557124
-0.378114477635924
-0.240451250035447
-0.112985660589590
-0.009916183136381
0.056828656356283
0.078497618000379
0.050193757447365
-0.028726677495830
-0.154561949459946
-0.319486350598107
-0.512070975683818
-0.718068392239010
-0.921407470190036
-1.105329930678652
-1.253590160453253
-1.351635205757259
-1.387682930454296
-1.353623029353296
-1.245677475370560
-1.064773239287830
-0.816599644651132
-0.511344175031436
-0.163122470803943
0.210860860455618
0.591365570306613
0.958313479513801
1.292050844689249
1.574591093571658
1.790754808240574
1.929130654226039
1.982792960995023
1.949728038673966
1.832940951488053
1.640236022270889
1.383686345596048
1.078828540137740
0.743637446256015
0.397350214495118
0.059219232113672
-0.252722080692369
-0.522797713914186
-0.738655642275238
-0.891998380220609
-0.979029675452937
-1.000589041458261
-0.961967265731901
-0.872417892480889
-0.744400470004627
-0.592609651382485
-0.432858791566445
-0.280896500497887
-0.151239021392526
-0.056100007489472
-0.004492361985712
-0.001564761832492
-0.048219135682301
-0.141035833718856
-0.272511854581084
-0.431595750396581
-0.604482208877125
-0.775611228501281
-0.928802502152289
-1.048446090295315
-1.120666354498321
-1.134377721891809
-1.082158055863508
-0.960877728620213
-0.772039087240494
-0.521800743218558
-0.220682647197096
0.117030236976692
0.474147166920412
0.831637185779363
1.169830178796237
1.469673135896722
1.713957342037592
1.888433960270631
1.982742835980853
1.991091835850566
1.912640793058811
1.751564020278938
1.516787019312053
1.221414984301051
0.881891467403641
0.516943736253532
0.146385664617830
-0.210141512580917
-0.534406225733428
-0.810718739147465
-1.026883154020679
-1.174906381841413
-1.251417926747337
-1.257774132319000
-1.199842123268076
-1.087480529604530
-0.933754725761844
-0.753942339199506
-0.564398951787917
-0.381363266771989
-0.219784908657887
-0.092256201131511
-0.008121858892383
0.027171954472590
0.012444448795319
-0.049162079535834
-0.150437160790491
-0.280651503906552
-0.426362153345952
-0.572417033360749
-0.703088563661160
-0.803256972548565
-0.859560340276142
-0.861430526189403
-0.801941825883093
-0.678411945011369
-0.492711794167971
-0.251260547438881
0.035295998637701
0.352703957475084
0.683976510644912
1.010467685536164
1.313072939098452
1.573475809797688
1.775356473178857
1.905480347062185
1.954592787836263
1.918058865177427
1.796204319075779
1.594333925255739
1.322425252224880
0.994517702533192
0.627837298960641
0.241715501253009
-0.143625794104025
-0.508341954294580
-0.834201442035630
-1.105707503852058
-1.311031320001484
-1.442695147669448
-1.497961076625052
-1.478901096490791
-1.392145874432073
-1.248331478690920
-1.061283765649208
-0.846997878064528
-0.622484070794641
-0.404559950336962
-0.208672584132587
-0.047831579820286
0.068273679508609
0.133912383011987
0.147663007191145
0.112453176483520
0.035287015492043
-0.073319999894844
-0.200158418309231
-0.330336660118124
-0.448416085045404
-0.539589446474802
-0.590819818808841
-0.591859719996211
-0.536078323661705
-0.421037805492917
-0.248777096552983
-0.025781442069827
0.237362191002757
0.526602134435400
0.825309515677171
1.115356891280813
1.378315322418470
1.596688796812762
1.755102033544863
1.841360574833781
1.847310481826493
1.769438340166216
1.609169735590909
1.372844691687676
1.071370385677077
0.719573285757400
0.335293196390675
-0.061720831727902
-0.451039364203957
-0.812824427813229
-1.129059673448270
-1.384657067455884
-1.568366747809071
-1.673430083140952
-1.697933434003946
-1.644840444138592
-1.521702496973635
-1.340068770480189
-1.114637624613143
-0.862208475615114
-0.600506663755680
-0.346962197650524
-0.117526091885830
0.074394882585253
0.218812639595326
0.309782382729073
0.345735737984558
0.329500997802302
0.268010719483174
0.171718533290910
0.053767097896148
-0.071033684251057
-0.187345989414191
-0.280480624015188
-0.337527928191871
-0.348363301568448
-0.306456267389291
-0.209425543498969
-0.059300117955288
0.137533368839074
0.370694947441151
0.626463779779392
0.888675195191049
1.139801707723366
1.362144518705022
1.539054126802740
1.656096351125394
1.702083486008994
1.669899221406081
1.557059776172603
1.365971463444315
1.103865426943592
0.782412155190715
0.417040105110225
0.026002864497844
-0.370743618105170
-0.752779275330126
-1.100491292110869
-1.396293971055033
-1.625715911411757
-1.778282286991717
-1.848133874721498
-1.834342306296631
-1.740901574909647
-1.576397724800323
-1.353380390067898
-1.087479948680250
-0.796331148320394
-0.498376979161792
-0.211634437019304
0.047493893688375
0.265281954501554
0.431544480220895
0.540245686073561
0.589812377666176
0.583131928190040
0.527237311950536
0.432702939775553
0.312794932618742
0.182436331850294
0.057060423477007
-0.048567018934423
-0.121473712897550
-0.151475864349943
-0.131972097209651
-0.060480177886354
0.061121778410418
0.226667457504875
0.426083969525963
0.646057588215820
0.870938495040764
1.083822741331284
1.267737191408232
1.406845842574541
1.487594144023793
1.499711883323671
1.437004611673956
1.297877799424483
1.085555983055854
0.807979851704741
0.477386113365221
0.109596582949654
-0.276937229649459
-0.662271039557472
-1.026210774674242
-1.349578860228609
-1.615419319149164
-1.810061237057299
-1.923969637492647
-1.952327130658575
-1.895307862172825
-1.758026059115573
-1.550163433224709
-1.285301358361541
-0.980003615470739
-0.652712239313324
-0.322531467921758
-0.007982141046474
0.274189378921599
0.510067693623008
0.689419648362432
0.806284045566336
0.859261509248042
0.851486874658477
0.790288298985142
0.686558780429520
0.553885462738967
0.407498642887857
0.263114659982198
0.135753986162601
0.038617378806171
-0.017901214629386
-0.026995893391784
0.014030580731071
0.103543436616923
0.235665822984716
0.400676270550956
0.585686579527382
0.775553513245925
0.953961361250490
1.104600434304439
1.212359696322640
1.264450498925640
1.251382853011793
1.167725547290390
1.012596034431842
0.789844355046196
0.507916205240042
0.179402151301984
-0.179698542081445
-0.550951444051982
-0.914633506711881
-1.250976330119795
-1.541423064971588
-1.769814744699992
-1.923426436692791
-1.993783618066248
-1.977203934520093
-1.875027987149648
-1.693523752533386
-1.443471247756537
-1.139455604657534
-0.798916347946918
-0.441017042832543
-0.085411475080717
0.249010665322210
0.545314467318846
0.789567285234861
0.971673439243740
1.085941237149185
1.131345835669792
1.111472323095957
1.034145293202559
0.910772594906604
0.755450418841905
0.583893089678276
0.412262764992429
0.255980891283576
0.128604284056141
0.040844016563459
-0.000204753940304
0.008431370579479
0.065397507252567
0.165117479944264
0.298206728993919
0.452162304917126
0.612281841102427
0.762747441776030
0.887798868183077
0.972914053562526
1.005914265238899
0.977916212692434
0.884063736307001
0.723986698002510
0.501953308531205
0.226703094278164
-0.089030405542893
-0.429276810641044
-0.775816267733233
-1.109331429091743
-1.410646992957208
-1.661973533044784
-1.848071788962991
-1.957258745623376
-1.982187350199208
-1.920346885775236
-1.774249809481010
-1.551291990162034
-1.263295307068751
-0.925762995566835
-0.556897488398923
-0.176446482226594
0.195545529349987
0.539996756456911
0.839974565945703
1.081729937536519
1.255511466095751
1.356105585636779
1.383068427361213
1.340635782864458
1.237319584416090
1.085220637366316
0.899106588645115
0.695319976092359
0.490592594568583
0.300848561451480
0.140078950591022
0.019365662154075
-0.053878332365382
-0.076400359091901
-0.049297701292090
0.022106811961420
0.128693853217819
0.258250711971014
0.396398890398984
0.527680993204080
0.636730618601097
0.709443106859567
0.734064811673697
0.702124043562075
0.609137619977510
0.455042306780359
0.244319300011738
-0.014199015966675
-0.307828932286453
-0.620809653978077
-0.935300689753514
-1.232535666048304
-1.494054871437987
-1.702933163195168
-1.844919879439993
-1.909413102974331
-1.890201632250866
-1.785923583819507
-1.600209619865189
-1.341500065350332
-1.022547202194327
-0.659635301473723
-0.271570028265489
0.121495573067482
0.499320294288517
0.842835261784832
1.135321801558856
1.363428453183360
1.517959921519240
1.594386315523191
1.593040074366442
1.518989220516048
1.381597556613027
1.193803637395015
0.971169351902035
0.730764448963968
0.489964275109561
0.265243625708689
0.071049557772859
-0.081169714069271
-0.183713720435471
-0.233105842136548
-0.230264991469279
-0.180362361209927
-0.092374545605482
0.021634650941879
0.147452633977542
0.269810348031448
0.373551535506430
0.444796595918704
0.472019042087181
0.446958530975619
0.365305673766111
0.227109533396710
0.036877822129870
-0.196638992824310
-0.460966634391922
-0.740694996896068
-1.018482475043075
-1.276208860279536
-1.496198552276754
-1.662430703647773
-1.761653485517201
-1.784325897347804
-1.725322025893555
-1.584348605683306
-1.366046061632918
-1.079764606186734
-0.739028960123481
-0.360726367230023
0.035928661479176
0.430584289248834
0.803016897480884
1.134388017442391
1.408409021424514
1.612336208730725
1.737730435426388
1.780931414096810
1.743216160252702
1.630632464756279
1.453520266236965
1.225754883548710
0.963764808194725
0.685391873564376
0.408672083249062
0.150620484556040
-0.073897127511944
-0.253129148927259
-0.379174702857669
-0.448442642236847
-0.461803139319864
-0.424423250502291
-0.345299668624323
-0.236522758265636
-0.112324480250975
0.012022319107056
0.121375569509105
0.201884054949755
0.242054216619134
0.233648462805972
0.172351430736569
0.058156695393258
-0.104554243366458
-0.307247568519117
-0.537772428266976
-0.781160178081288
-1.020633499096283
-1.238756630412709
-1.418647973175182
-1.545171732918298
-1.606026383829688
-1.592654493747429
-1.500910385397517
-1.331438416223973
-1.089734225358827
-0.785882787469867
-0.433989062732894
-0.051337941277205
0.342661379138092
0.727676731912164
1.083720209722979
1.392396895482359
1.638051880631280
1.808739178303091
1.896948149639468
1.900039441539380
1.820362066585066
1.665044802112458
1.445477076239292
1.176515444989004
0.875470219772610
0.560941521701784
0.251584017632440
-0.035115844187318
-0.283967439744583
-0.483032552568102
-0.624347033138869
-0.704359938035507
-0.724062080903858
-0.688797339209493
-0.607771887998417
-0.493297278868454
-0.359821528059019
-0.222816872971598
-0.097602609934187
0.001814228716369
0.063798958637049
0.079975655658073
0.045877558167101
-0.038684486592720
-0.169561916251371
-0.338521681505117
-0.533796055498374
-0.740891658951952
-0.943602275240684
-1.125155762839644
-1.269415881523795
-1.362055788706244
-1.391621616781732
