0.000000000000000
0.385777138105925
0.754928173478480
1.091645197716688
1.381713408497572
1.613201824280906
1.777033492317830
1.867405466182211
1.882037030553077
1.822234013238186
1.692767028513858
1.501571587754087
1.259287634852533
0.978664683882025
0.673865880126844
0.359709581385312
0.050890177342055
-0.238779335446197
-0.497062063354758
-0.713892071240533
-0.881838106648660
-0.996412484200115
-1.056210267566801
-1.062873509766146
-1.020885171124312
-0.937206874153358
-0.820783340987973
-0.681943706380827
-0.531735498432373
-0.381230620401094
-0.240843956855821
-0.119704200143208
-0.025113213552044
0.037875092391500
0.066732486324790
0.061575298880554
0.025118316959130
-0.037532821543442
-0.119237825825172
-0.211304971368043
-0.304072349787090
-0.387552409260786
-0.452101293134135
-0.489072944342334
-0.491418705519904
-0.454196168390903
-0.374956142444607
-0.253983534416025
-0.094376266546942
0.098044357829261
0.314988733169506
0.546106797741442
0.779527074205964
1.002497617182586
1.202093486316121
1.365951240984393
1.482989042070866
1.544071363356371
1.542580045565443
1.474858325371665
1.340501273003325
1.142474401396056
0.887051606447158
0.583573540294888
0.244037454383451
-0.117461077726980
-0.485405860201609
-0.843621762109851
-1.176080147659061
-1.467705196942054
-1.705138006932976
-1.877417474471769
-1.976541332095415
-1.997877095556990
-1.940400738051249
-1.806750186940337
-1.603090732311863
-1.338799591444094
-1.025986628644849
-0.678877047657056
-0.313089267801979
0.055153241521156
0.409833965288585
0.735935876847846
1.020172463495302
1.251618779888429
1.422209739216183
1.527080305435956
1.564731064779235
1.537012337918005
1.448930005089035
1.308285997405380
1.125175414941974
0.911369966825022
0.679623463662565
0.442939097504683
0.213840002866425
0.003684014344224
-0.177939336585361
-0.323696540749020
-0.428856335070261
-0.491476497116300
-0.512422526050183
-0.495219221340537
-0.445745762578379
-0.371793839037264
-0.282516170641895
-0.187798963134608
-0.097596100421171
-0.021264957531780
0.033056496841375
0.058994133823292
0.052371090088127
0.011504143844805
-0.062654998994892
-0.166542502447626
-0.294168700924986
-0.437457763292074
-0.586721584615532
-0.731240848271546
-0.859919808151531
-0.961976843546573
-1.027630498415256
-1.048740671069224
-1.019366879228658
-0.936209968061563
-0.798910010800633
-0.610181118423072
-0.375772982091962
-0.104258709703769
0.193341660644705
0.504083234827511
0.813736832943384
1.107514077522285
1.370837996258099
1.590117260180642
1.753481620812163
1.851437910103796
1.877410032422064
1.828132489427359
1.703874802582178
1.508483304343050
1.249236655700674
0.936521568256927
0.583345003288159
0.204708045518512
-0.183125789365817
-0.563429276693625
-0.919835024137055
-1.237140257309985
-1.502050293983168
-1.703821498624600
-1.834769998608801
-1.890619770827422
-1.870672466199611
-1.777791044178763
-1.618199402171914
-1.401110146153245
-1.138201908142460
-0.842975662955754
-0.530025888335733
-0.214266799739978
0.089843963475435
0.369042031796058
0.611913752420420
0.809439488330001
0.955394506978835
1.046587369153041
1.082924973805155
1.067303210510724
1.005331966521712
0.904912480481468
0.775693212220240
0.628437051393753
0.474337447546950
0.324323648370852
0.188395541356666
0.075026596338786
-0.009330777699019
-0.060609275707306
-0.077339672208087
-0.060701129749844
-0.014406750767860
0.055568105755473
0.141398057636570
0.233935602705076
0.323323052412469
0.399651917947689
0.453630335610391
0.477218548877360
0.464194195963009
0.410613087986697
0.315137083354649
0.179208235232102
0.007057183694953
-0.194456714904508
-0.416166320770539
-0.647062160626970
-0.874877400037899
-1.086760270164476
-1.269996589588829
-1.412741817691637
-1.504721147940963
-1.537857558372028
-1.506791412239732
-1.409260946472703
-1.246320484656366
-1.022382051134745
-0.745075753608997
-0.424934304675489
-0.074916810726603
0.290204075361732
0.654559865233078
1.001971083846862
1.316757635071987
1.584531447681162
1.792928924455165
1.932243813496979
1.995926387247331
1.980921962975007
1.887830435744525
1.720878145121755
1.487703527770166
1.198968060403618
0.867813416425310
0.509194025385258
0.139120881724697
-0.226142867699063
-0.570891575035713
-0.880748908835872
-1.143361036259066
-1.348974872445473
-1.490871579878250
-1.565633593754622
-1.573232701940028
-1.516936602972829
-1.403041351066037
-1.240446617515676
-1.040099224981244
-0.814337473080480
-0.576173981990022
-0.338557851270534
-0.113657700340353
0.087794409318010
0.257061975151059
0.387835604033347
0.476514241208201
0.522321961602533
0.527255716373315
0.495869150535328
0.434906993721683
0.352813044710745
0.259141940386326
0.163910317299451
0.076926334633887
0.007137643535318
-0.037963300932988
-0.052841112309849
-0.034296518129590
0.018300246326365
0.102936017467866
0.215046243251972
0.347766836808051
0.492332312804341
0.638597575957306
0.775653407665467
0.892500069090573
0.978739831250381
1.025247865123812
1.024781861874958
0.972493958828196
0.866313846250303
0.707179030189833
0.499096732204556
0.249031342243792
-0.033378822796318
-0.336262018140761
-0.646088404686850
-0.948350013035973
-1.228309000107739
-1.471773723603749
-1.665860258833101
-1.799697432114698
-1.865036228277896
-1.856729399360254
-1.773053987701129
-1.615857902014238
-1.390521185915842
-1.105732670287549
-0.773092747765327
-0.406562493079775
-0.021787750998569
0.364666341767062
0.736130023198262
1.076649678891373
1.371771291090524
1.609245162209462
1.779614803959150
1.876659202145240
1.897665662000215
1.843519666380994
1.718608128015245
1.530542536381659
1.289718230098089
1.008734829587557
0.701710257342149
0.383526348678951
0.069047510720446
-0.227644963623553
-0.493961532818788
-0.719418100381712
-0.896122452855951
-1.019108476524907
-1.086501881334226
-1.099510710732492
-1.062243784636584
-0.981369855046476
-0.865639110137359
-0.725296247986498
-0.571420233086962
-0.415229721316099
-0.267394780329788
-0.137394856872186
-0.032959995466725
0.040372732263125
0.079562480254068
0.084210720552170
0.056542539793882
0.001225125350878
-0.074965084186569
-0.163606293684127
-0.255198360017684
-0.339798952698290
-0.407690828349854
-0.450040291686208
-0.459507323015844
-0.430770535336046
-0.360934932913229
-0.249797107438981
-0.099950651548552
0.083276267443302
0.292049566824580
0.516412917007870
0.744806171487788
0.964690393060036
1.163244952671538
1.328097743024754
1.448047296671280
1.513735663145487
1.518233286953407
1.457501712593608
1.330706475132590
1.140360656103034
0.892288845556571
0.595411137945397
0.261356751842613
-0.096073654426741
-0.461569427526455
-0.819060594099016
-1.152518127596568
-1.446761227256118
-1.688228423846663
-1.865671095570272
-1.970732027412053
-1.998377758042040
-1.947161295017131
-1.819300910277603
-1.620570650365013
-1.360008361847647
-1.049456880930572
-0.702963023589104
-0.336066643156751
0.034982123991069
0.394035548389462
0.725847603698115
1.016817465563995
1.255638058243098
1.433815880843284
1.546035566303931
1.590351276920817
1.568196636476959
1.484214905265428
1.345920963175204
1.163215829684179
0.947782410248454
0.712397476774526
0.470199219073691
0.233951810028017
0.015348200341446
-0.175610179071108
-0.331122826467868
-0.445961294726164
-0.517682731760135
-0.546675677448683
-0.536037629519398
-0.491293541607577
-0.419973501149009
-0.331075839630896
-0.234448401608138
-0.140125277588694
-0.057658732856249
0.004513794973752
0.039629907333743
0.043056259543787
0.012609209414865
-0.051277271506539
-0.145546878475445
-0.264680373571107
-0.401010439031385
-0.545174203659202
-0.686677548011630
-0.814538644098801
-0.917973381070253
-0.987082647528482
-1.013501041610606
-0.990968490964981
-0.915790384796291
-0.787157922823551
-0.607308132435872
-0.381511963195215
-0.117888535488177
0.172946545237657
0.478381449125447
0.784431069517762
1.076449643669849
1.339894714538041
1.561100896051618
1.728020998559597
1.830893524191251
1.862799280797981
1.820075687161813
1.702564933617759
1.513681104258459
1.260291166522500
0.952414849656020
0.602758305305108
0.226105524188714
-0.161400731376563
-0.543050660681272
-0.902390010331825
-1.224029990486740
-1.494401672295235
-1.702415034404268
-1.839988021109989
-1.902418059094709
-1.888577061071263
-1.800920547552645
-1.645311610551573
-1.430670466818706
-1.168469749276640
-0.872103945011219
-0.556168052225922
-0.235685232183098
0.074674279615129
0.361340596974033
0.612517739921374
0.818747543878039
0.973334521547150
1.072610257671567
1.116025042917414
1.106064210932511
1.047996483255971
0.949470998080262
0.819988076433511
0.670275695772640
0.511608712100995
0.355110818081218
0.211079886989922
0.088375700583544
-0.006094806580804
-0.067765507926809
-0.094650477856740
-0.087421771132388
-0.049321992877626
0.014082302300352
0.095291073892166
0.185381436209773
0.274607782520577
0.353055459079967
0.411308883089137
0.441094075255678
0.435856957768496
0.391242375959680
0.305444434271411
0.179406077004921
0.016854477235139
-0.175831765020886
-0.389917906348309
-0.614755688734319
-0.838349566198122
-1.048015478195693
-1.231095540569611
-1.375688493803999
-1.471354471551138
-1.509753710398997
-1.485182164028827
-1.394972432092363
-1.239735668445447
-1.023428794770858
-0.753240934186716
-0.439302962147614
-0.094233892471019
0.267453073861595
0.630054120370449
0.977451064944172
1.293919134672248
1.564923155232768
1.777859455130558
1.922703546086203
1.992528603795573
1.983866667095618
1.896892919671292
1.735422951661874
1.506722993062876
1.221143209501353
0.891593696299797
0.532891271997599
0.161012091024617
-0.207709913543534
-0.557395955580362
-0.873403449115246
-1.143033880816393
-1.356130385702587
-1.505534125071006
-1.587376454164666
-1.601192987393942
-1.549855511483715
-1.439327713040509
-1.278260319509265
-1.077449966739950
-0.849193420322297
-0.606574288761759
-0.362722773542865
-0.130090121723236
0.080221772992865
0.259038657314906
0.399568671389588
0.497709426137386
0.552191866701720
0.564554820322605
0.538953860807372
0.481817601612081
0.401373219395914
0.307070419348094
0.208938765323869
0.116916991147456
0.040194378200397
-0.013396551422027
-0.037899866826485
-0.029637591820496
0.012531447341489
0.087111007341657
0.190031524813257
0.314875782188820
0.453253544241854
0.595303817098785
0.730295836454174
0.847293983733651
0.935847897835797
0.986667324218171
0.992241826408699
0.947368351026887
0.849554630509737
0.699273251897730
0.500049534104819
0.258375675161741
-0.016546567653029
-0.313222669145746
-0.618420487836090
-0.917834683588767
-1.196824909062095
-1.441187835120312
-1.637920829444835
-1.775935206943199
-1.846679413033808
-1.844637158290823
-1.767672143036511
-1.617199230939352
-1.398171299204717
-1.118880992408698
-0.790586684304250
-0.426981548751375
-0.043533225021682
0.343271342444957
0.716736098408659
1.060778275884653
1.360719475047234
1.604003583611048
1.780803675662527
1.884486070086241
1.911907507894808
1.863530488990377
1.743351690172715
1.558648520590735
1.319558697866117
1.038516705135813
0.729578621624099
0.407672687988850
0.087816752379619
-0.215654759694153
-0.489812574707583
-0.723764395950745
-0.909163515765792
-1.040568022358829
-1.115632939454966
-1.135127102074171
-1.102776437591441
-1.024945033834181
-0.910174391048369
-0.768609068390639
-0.611343113114856
-0.449725859768916
-0.294667677544672
-0.155985921340439
-0.041828731620654
0.041790415681080
0.091321110486366
0.105849144352208
0.087105263015711
0.039310014954265
-0.031135276859912
-0.116092437540619
-0.206238421771297
-0.291692215131864
-0.362679121016024
-0.410192663050738
-0.426614385025454
-0.406254169306948
-0.345778189880517
-0.244498014545570
-0.104502311338440
0.069378351896260
0.269773510100133
0.487131848527839
0.710218396809524
0.926722861677981
1.123945475788662
1.289521999835156
1.412146924238153
1.482253629391645
