0.000000000000000
0.422388975969841
0.818344170775007
1.163474108939040
1.437304451504809
1.624831806318046
1.717629668165484
1.714416874754128
1.621043632954163
1.449898544568545
1.218788107027048
0.949383874965095
0.665368199547786
0.390434236545964
0.146307669976898
-0.049044638457141
-0.182869898161811
-0.248627845611081
-0.246450265233136
-0.183024818777466
-0.070914851983899
0.072625738681098
0.227241059469571
0.371329762381716
0.484011598693544
0.547036704063730
0.546475063915676
0.474041969050294
0.327945732823984
0.113183957553161
-0.158739135150242
-0.470653221599444
-0.801052292627551
-1.125805794469917
-1.420109173688990
-1.660512133661861
-1.826856019334929
-1.903958920544367
-1.882907730862764
-1.761848802227209
-1.546210297209309
-1.248336405700216
-0.886562337726525
-0.483805365056438
-0.065787295701809
0.340965716880813
0.711181747948953
1.022791065483697
1.258603837963947
1.407580563515751
1.465592207567794
1.435609591213479
1.327309120204023
1.156130516068588
0.941867752977614
0.706913117301607
0.474302963233494
0.265729949907874
0.099688965721380
-0.010087621009609
-0.055774325813074
-0.036080999607054
0.043686648798246
0.172138630744619
0.332840350620367
0.505791889874297
0.669221361196214
0.801540256808553
0.883294923664799
0.898948407847207
0.838340915455483
0.697703871154811
0.480139787576106
0.195524780365167
-0.140161151945732
-0.506023050710266
-0.877862551568538
-1.230079975353108
-1.537710321762106
-1.778425033448256
-1.934333905791837
-1.993437828614161
-1.950611805312087
-1.808036507991945
-1.575042260392837
-1.267377990484326
-0.905965306387444
-0.515240454033886
-0.121220961933469
0.250543568979495
0.576967699709975
0.839209265299792
1.024085563319662
1.125011287365779
1.142382921188800
1.083380586607229
0.961206980538665
0.793829981066100
0.602336830044802
0.409040061120649
0.235495846140931
0.100602471641473
0.018939647696585
-0.000511114744124
0.044842971029522
0.150971317989611
0.307561127325035
0.498905784144086
0.705265783986716
0.904587610417485
1.074435693722558
1.193974414171034
1.245832594570523
1.217692439682434
1.103467635614885
0.903969424926816
0.627002078625974
0.286876739188552
-0.096618860399515
-0.499711840090303
-0.896475231744819
-1.260848616059764
-1.568682285979091
-1.799636688729756
-1.938780707510947
-1.977757176987648
-1.915419816068515
-1.757889524587806
-1.518026079648948
-1.214359673815596
-0.869571426105669
-0.508649243505392
-0.156872112622109
0.162210164224151
0.428634763118223
0.627568044116363
0.750405705987786
0.795341602367894
0.767360514609472
0.677658440889252
0.542541872837584
0.381901086804552
0.217388038410304
0.070454046547891
-0.039585966429560
-0.097298312753023
-0.092536268823675
-0.021387110711546
0.113420500743116
0.302684316155315
0.531458585073088
0.780286179154449
1.026830148925322
1.247768328823873
1.420792214840757
1.526542219308034
1.550316327616231
1.483407738282918
1.323957717946602
1.077250092992761
0.755420178642194
0.376599645745320
-0.036434218164620
-0.457995102599244
-0.861468186126863
-1.221372240798763
-1.515334113107253
-1.725813551787862
-1.841437017477456
-1.857831530060830
-1.777891083201731
-1.611455223572493
-1.374428129717195
-1.087412868576659
-0.773975593228218
-0.458684933107699
-0.165090179469229
0.086193440636243
0.279133462883936
0.403526527926441
0.455740009037651
0.438889053514294
0.362436614547622
0.241252491998251
0.094212785188762
-0.057540305711368
-0.192529931900034
-0.290902893704387
-0.336248154411629
-0.317120693219813
-0.228140563848418
-0.070572690783097
0.147663459673539
0.412557297637381
0.705098394643823
1.002805968861325
1.281569921042687
1.517650345843497
1.689668788873275
1.780424785408648
1.778385387835695
1.678722289939024
1.483808548089753
1.203131666661320
0.852628225629365
0.453493245405008
0.030561102764302
-0.389609605974614
-0.780790280587450
-1.119107114068717
-1.384870465616190
-1.564059101870946
-1.649338342437608
-1.640529935869685
-1.544497091917107
-1.374456700112007
-1.148778318922088
-0.889372057488353
-0.619801446846549
-0.363279978753874
-0.140719299122488
0.031007690242129
0.140443940235344
0.182451161056795
0.158564127697697
0.076768193107976
-0.049279645962953
-0.201518981391566
-0.359135218505835
-0.500449420654217
-0.604888106834225
-0.654865513035800
-0.637418049183477
-0.545451347258995
-0.378492677184692
-0.142882900502312
0.148610920821548
0.477732565492487
0.822147501591886
1.157211842195526
1.457953471977131
1.701101328060330
1.866994408811974
1.941211721462436
1.915787266146806
1.789908386603351
1.570038545261683
1.269453242188417
0.907226420409495
0.506750230927295
0.093909673488997
-0.304937837319840
-0.665011884391890
-0.965019118279471
-1.188767444926047
-1.326352588855615
-1.374821033242357
-1.338257041345542
-1.227289476987819
-1.058062456766238
-0.850758451039059
-0.627799584519902
-0.411879473801435
-0.223991763310203
-0.081621434658615
0.002749018888854
0.022693165968933
-0.021634239664424
-0.123544226175741
-0.270428101787822
-0.444887118486797
-0.626281522306590
-0.792567823726936
-0.922268722423019
-0.996408753382400
-1.000251341004085
-0.924689339983106
-0.767169941156567
-0.532073624431862
-0.230512410226467
0.120438809784330
0.499016645994609
0.880445692726366
1.238879743097430
1.549448005233685
1.790237527578937
1.944048038193226
1.999774046621373
1.953299796892668
1.807832936461474
1.573649222313909
1.267269350008570
0.910135999348346
0.526900523579162
0.143460923070959
-0.215086843821560
-0.526415248586443
-0.772687474930469
-0.941894419645184
-1.028697604770934
-1.034710596590501
-0.968198503155194
-0.843223746824543
-0.678312520234095
-0.494756274339734
-0.314692921732397
-0.159130636563515
-0.046081678042982
0.011035817420921
0.004592842397239
-0.066559871007235
-0.196964313605778
-0.375001976228742
-0.583877797398022
-0.803058850826335
-1.010046944422936
-1.182336008732110
-1.299389333396265
-1.344469693728129
-1.306167370919930
-1.179496015900264
-0.966462160237696
-0.676057947886503
-0.323674696937807
0.070016808356629
0.480628879822390
0.881934904469833
1.247908867057403
1.554758902184229
1.782787658979121
1.917926474920445
1.952817302883051
1.887353772100583
1.728637569003050
1.490354762688192
1.191624733977679
0.855417992597297
0.506674748398718
0.170280675984912
-0.130932166858839
-0.377993792506198
-0.557264912355523
-0.661445249152459
-0.690039767559636
-0.649246567664413
-0.551278673780015
-0.413179363289013
-0.255233055173046
-0.099107574807919
0.034113992400119
0.125844520626404
0.161684704232405
0.132751651216352
0.036530893036619
-0.122821406078204
-0.334753004263102
-0.583145328378140
-0.847630077592094
-1.105283278417756
-1.332555440562152
-1.507276320803590
-1.610566152806565
-1.628492607486197
-1.553333600224121
-1.384338623630569
-1.127922844789107
-0.797275299035248
-0.411411210482080
0.006255290018769
0.429701854421020
0.832305543125806
1.188902814191555
1.477732889119471
1.682105149875391
1.791654116174851
1.803079789943411
1.720313879679173
1.554100067622265
1.321025083161607
1.042082844112801
0.740892530406365
0.441719945700187
0.167467529689546
-0.062199421562455
-0.232434563471714
-0.334369363972340
-0.365753749031839
-0.331026898402890
-0.240814469205470
-0.110896706692377
0.039263675971101
0.188308018266746
0.314930416679570
0.399822779398101
0.427450688568810
0.387508701538598
0.275930595697693
0.095367387414704
-0.144909386128034
-0.429673376262435
-0.738924556541768
-1.049488828946026
-1.336903831079819
-1.577434375412623
-1.750049712979342
-1.838197580463813
-1.831226538066748
-1.725337061854400
-1.523980807858015
-1.237673170306406
-0.883232903013579
-0.482510104896136
-0.060706324082558
0.355575630312314
0.740392185395085
1.070460740325977
1.326938547254951
1.496833267576215
1.573930448733242
1.559163408748212
1.460397425563707
1.291648833118906
1.071806562096079
0.822964915352726
0.568508496603120
0.331110539008191
0.130812717177257
-0.016652691913208
-0.101158095875874
-0.118985491587206
-0.073074529610687
0.027305811355430
0.167432970589689
0.328478931860339
0.489215922106793
0.627934735873133
0.724412752974202
0.761764389265822
0.728016416021404
0.617273494841964
0.430373489999785
0.174974781274623
-0.134934656160296
-0.480068185076980
-0.837327919863371
-1.181626702867326
-1.487894480049048
-1.733103170612702
-1.898142208172401
-1.969389005819743
-1.939843663165164
-1.809733204340998
-1.586534515794709
-1.284413284671012
-0.923124610632708
-0.526465543728544
-0.120406872314969
0.268942041461614
0.617367910618899
0.904420457848234
1.114958618736626
1.240249904096904
1.278534194772807
1.235007977676003
1.121233383337190
0.954024315702536
0.753905473300455
0.543275516605856
0.344430082309166
0.177611744526566
0.059251429447554
0.000549426525307
0.006515379685017
0.075547895507231
0.199588915669324
0.364839575159489
0.552976958201770
0.742768929379604
0.911950592911330
1.039203733711720
1.106071680313881
1.098647152209501
1.008889389943647
0.835457654804159
0.583988458041430
0.266790275966037
-0.098021846736467
-0.487882570257192
-0.877513066853921
-1.240896072645744
-1.553326779869094
-1.793370566531074
-1.944566033440431
-1.996732745232643
-1.946775710946535
-1.798920272062345
-1.564358222117629
-1.260334731484225
-0.908751930112810
-0.534404952841459
-0.162996547337711
0.180905538803623
0.475799743827689
0.704911419615708
0.857446927404902
0.929339109692622
0.923424795631442
0.849042547844706
0.721087337341667
0.558604190184643
0.383041296656787
0.216311400971063
0.078826133358950
-0.012330013402486
-0.044931290611799
-0.012718009189505
0.084014528545428
0.238395903533768
0.437531779425285
0.663580814879097
0.895267347948059
1.109703094539894
1.284364880067068
1.399061992691630
1.437727237199335
1.389880146557357
1.251637879282892
1.026186839766053
0.723672878001111
0.360516315716120
-0.041794030638262
-0.458330203479380
-0.862644847236421
-1.228824042416333
-1.533504700753494
-1.757690780958352
-1.888219164722711
-1.918755022994094
-1.850235486941389
-1.690726166457231
-1.454703718877651
-1.161825204980975
-0.835287415811052
-0.499913175222329
-0.180124002520021
0.102032403994268
0.328636378649386
0.487287318390443
0.572017330617835
0.583653475446287
0.529600895569012
0.423067709898434
0.281799334942145
0.126430979789715
-0.021400996477044
-0.141028040967251
-0.214631206925833
-0.228875724969149
-0.176159093692339
-0.055365939372338
0.127935641402502
0.361874583798008
0.629204003816516
0.908698763876490
1.176907535590813
1.410113417913889
1.586339327714612
1.687230218087284
1.699654052812514
1.616886556493246
1.439279147951005
1.174352284476380
0.836304126701322
0.444973001646082
0.024337543571440
-0.399323159185552
-0.799458796251396
-1.151300066029124
-1.433765597902506
-1.631067329934231
-1.733883169436965
-1.740001727914169
-1.654387786487173
-1.488665253834698
-1.260062713314231
-0.989911188431577
-0.701820773508986
-0.419689194768638
-0.165708987229267
0.041460334918710
0.188202938822593
0.267014891041768
0.277042007944446
0.224044080405330
0.119790463710482
-0.019060181779768
-0.172499870646546
-0.318999597918404
-0.437470333983306
-0.509189885189585
-0.519531598385165
-0.459347446111033
-0.325886961049402
-0.123172376076291
0.138204080210320
0.441846294473694
0.766822019210172
1.089328284217685
1.384616926955537
1.629020594618969
1.801910777002166
1.887424688851749
1.875816701948468
1.764320961587553
1.557452233799931
1.266718551224650
0.909767979066259
0.509038743245524
0.090023138361029
-0.320712369780443
-0.697588281000076
-1.017985244450192
-1.263967545579040
-1.423616052933763
-1.491862386462721
-1.470757656105262
-1.369156216691775
-1.201843561452193
-0.988183669813758
-0.750400982037006
-0.511642370044740
-0.293982494543939
-0.116540284793758
0.006135406709163
0.065275820444148
0.058597014702464
-0.009559041027740
-0.128657859268880
-0.282942795338351
-0.452859640759135
